treat,age,educ,black,hisp,marr,nodegree,re74,re75,re78
0,38,9,0,0,1,1,14418.240234375,25243.55078125,25564.669921875
0,21,13,0,0,0,0,10027.5302734375,10242.4404296875,15473.26953125
0,46,8,1,0,1,1,25862.3203125,25243.55078125,25416.900390625
0,27,13,0,0,1,0,25862.3203125,25243.55078125,0.0
0,32,11,1,0,1,1,15680.009765625,17745.6796875,13397.0703125
0,40,12,0,0,0,0,22002.5703125,20298.6796875,23506.19921875
0,16,9,0,0,0,1,0.0,0.0,0.0
0,28,13,0,0,1,0,0.0,0.0,0.0
0,36,16,0,0,1,0,25862.3203125,25243.55078125,25564.669921875
0,28,12,0,0,1,0,25862.3203125,25243.55078125,25564.669921875
0,19,12,0,0,1,0,6044.337890625,7257.9677734375,17972.109375
0,22,10,0,0,1,1,4408.35009765625,6937.5,9550.546875
0,55,12,0,0,1,0,21883.05078125,17178.150390625,17236.19921875
0,16,9,0,0,0,1,0.0,0.0,7638.369140625
0,31,14,0,0,1,0,25862.3203125,25243.55078125,25564.669921875
0,29,16,0,0,1,0,23622.880859375,23141.7109375,22502.8203125
0,49,14,0,0,1,0,25862.3203125,24205.16015625,25564.669921875
0,40,8,0,0,1,1,12919.41015625,4679.90283203125,18136.140625
0,33,12,0,0,1,0,20466.5,20116.060546875,19132.130859375
0,23,16,0,0,1,0,1177.51904296875,6285.8232421875,9102.7958984375
0,34,12,0,0,1,0,24050.0,24443.26953125,16328.8798828125
0,29,16,0,0,1,0,25862.3203125,25243.55078125,25564.669921875
0,27,18,0,0,0,0,2284.5048828125,0.0,0.0
0,54,13,0,0,1,0,25862.3203125,25243.55078125,0.0
0,29,12,0,0,1,0,25862.3203125,25243.55078125,25564.669921875
0,29,11,1,0,1,1,15423.349609375,12668.3203125,14979.7099609375
0,39,12,0,0,1,0,25862.3203125,25243.55078125,25564.669921875
0,18,12,0,0,0,0,0.0,1663.2099609375,21610.26953125
0,39,12,0,0,1,0,25862.3203125,25243.55078125,25564.669921875
0,20,12,0,0,1,0,14798.33984375,14793.4404296875,17187.439453125
0,49,12,0,0,1,0,24812.150390625,23202.580078125,21153.66015625
0,34,14,0,0,1,0,25862.3203125,25243.55078125,25564.669921875
0,37,10,0,0,1,1,18863.8203125,18345.439453125,25187.849609375
0,52,13,0,0,0,0,25862.3203125,25243.55078125,25564.669921875
0,52,3,0,0,1,1,20070.73046875,22880.3203125,25564.669921875
0,27,18,0,0,0,0,0.0,4586.80615234375,15247.1796875
0,19,8,1,0,0,1,1931.8370361328125,1554.0,8572.2919921875
0,29,12,0,0,0,0,25862.3203125,24622.310546875,22603.310546875
0,29,18,0,0,1,0,10329.25,3580.64501953125,678.2764892578125
0,17,10,0,0,0,1,0.0,0.0,17024.890625
0,24,16,0,0,0,0,2253.156982421875,1586.2259521484375,12200.1103515625
0,16,10,0,0,0,1,0.0,984.6774291992188,0.0
0,32,14,0,0,0,0,11060.0595703125,12557.3203125,17021.9296875
0,18,12,0,0,0,0,0.0,256.01611328125,0.0
0,17,11,0,0,0,1,2662.64404296875,2973.72607421875,0.0
0,28,8,0,0,1,1,0.0,0.0,0.0
0,20,12,0,0,0,0,4233.97607421875,2610.2900390625,6688.18994140625
0,28,12,0,0,1,0,25862.3203125,25243.55078125,25564.669921875
0,17,10,0,0,0,1,0.0,911.274169921875,5900.56201171875
0,20,12,0,0,0,0,1126.5780029296875,1036.5970458984375,2382.094970703125
0,50,8,0,0,1,1,25862.3203125,12122.26953125,25564.669921875
0,32,12,0,0,1,0,19880.6796875,14113.1103515625,22621.0390625
0,25,16,0,0,1,0,14506.41015625,16918.55078125,18885.349609375
0,20,12,0,0,0,0,3324.8759765625,9490.5,15092.01953125
0,22,14,0,0,0,0,0.0,0.0,7268.93701171875
0,33,14,0,0,1,0,25862.3203125,25243.55078125,25564.669921875
0,25,11,0,0,1,1,0.0,0.0,0.0
0,38,8,0,0,1,1,20830.919921875,16811.130859375,0.0
0,39,13,0,0,1,0,17672.58984375,8772.5810546875,1644.7099609375
0,31,8,0,0,1,1,16663.560546875,13414.8896484375,13352.740234375
0,35,14,0,0,1,0,3413.04296875,13074.73046875,0.0
0,18,10,0,0,0,1,1590.925048828125,1652.468017578125,12136.5703125
0,40,12,0,0,1,0,23389.73046875,17235.439453125,25564.669921875
0,52,12,0,0,0,0,12323.7900390625,11905.650390625,11836.58984375
0,27,12,0,0,1,0,25799.630859375,25243.55078125,25564.669921875
0,32,18,0,0,1,0,18111.4609375,19013.23046875,21827.5
0,24,16,0,0,0,0,6734.0,5347.69384765625,3641.117919921875
0,37,12,0,0,0,0,0.0,0.0,0.0
0,21,12,0,1,0,0,17721.5703125,18760.7890625,6781.287109375
0,30,10,0,0,1,1,23129.140625,23959.890625,20806.390625
0,53,13,1,0,0,0,9194.8388671875,8600.7099609375,8662.4326171875
0,40,9,0,0,1,1,16091.4599609375,14571.4404296875,15832.3603515625
0,31,7,1,0,1,1,17862.640625,19459.01953125,15788.0302734375
0,36,4,0,0,1,1,17535.439453125,17187.099609375,20147.3203125
0,18,12,0,0,0,0,0.0,3938.7099609375,12871.0
0,27,10,0,0,0,1,12349.259765625,5865.09716796875,9297.8564453125
0,51,4,1,0,1,1,23325.0703125,24409.259765625,25564.669921875
0,37,8,1,0,0,1,0.0,0.0,648.7219848632812
0,31,16,0,0,1,0,21416.75,22423.7890625,25564.669921875
0,35,12,0,0,1,0,25862.3203125,25243.55078125,25564.669921875
0,22,12,0,0,0,0,6518.48095703125,11794.650390625,20887.669921875
0,18,11,1,0,0,1,1716.3179931640625,4139.22607421875,8372.798828125
0,40,7,0,0,0,1,13769.73046875,12738.150390625,13003.990234375
0,48,11,0,1,0,1,25862.3203125,25243.55078125,25564.669921875
0,38,12,0,0,1,0,21138.529296875,23907.970703125,25564.669921875
0,54,13,0,0,1,0,22860.73046875,22644.0,25564.669921875
0,32,10,1,0,1,1,18550.33984375,9019.64453125,15564.8896484375
0,20,12,0,0,0,0,305.6455993652344,4178.61279296875,13791.6201171875
0,24,10,0,0,1,1,5523.1728515625,0.0,5040.52490234375
0,29,12,0,0,1,0,7731.26708984375,20096.369140625,20271.44921875
0,31,12,0,0,1,0,25862.3203125,25035.869140625,23101.30078125
0,29,12,0,0,1,0,24198.900390625,23967.05078125,25564.669921875
0,17,11,0,0,0,1,766.0733032226562,614.0806274414062,694.531494140625
0,47,8,0,0,1,1,25862.3203125,25243.55078125,25564.669921875
0,41,12,0,1,1,0,8850.0078125,13307.4697265625,13937.919921875
0,16,10,0,0,0,1,476.101806640625,900.5322875976562,91.61904907226562
0,45,12,0,0,1,0,25862.3203125,20415.05078125,25564.669921875
0,47,18,0,0,1,0,22537.44921875,23279.560546875,25564.669921875
0,46,12,0,0,1,0,25862.3203125,25243.55078125,25564.669921875
0,28,9,0,0,1,1,19735.689453125,18171.76953125,16816.529296875
0,26,15,0,0,0,0,25862.3203125,23811.2890625,25564.669921875
0,25,5,0,0,1,1,491.7760009765625,0.0,0.0
0,27,12,0,0,1,0,18957.869140625,16293.73046875,0.0
0,28,15,0,0,1,0,15979.7802734375,0.0,7520.15087890625
0,52,12,0,0,1,0,25862.3203125,22540.16015625,20629.060546875
0,48,15,1,0,1,0,19986.48046875,21970.83984375,23030.369140625
0,32,12,0,0,1,0,25862.3203125,25243.55078125,25564.669921875
0,20,12,0,0,0,0,16077.740234375,17342.849609375,22652.0703125
0,38,12,0,0,1,0,0.0,0.0,0.0
0,25,12,0,0,0,0,4678.72900390625,8360.8056640625,7474.3408203125
0,31,12,0,0,1,0,25862.3203125,25100.3203125,25564.669921875
0,55,12,1,0,0,0,1833.8740234375,4694.22607421875,0.0
0,42,12,0,0,1,0,25862.3203125,25243.55078125,25564.669921875
0,19,12,0,1,0,0,5640.72900390625,11252.1796875,12899.080078125
0,34,12,0,0,1,0,25862.3203125,24760.16015625,0.0
0,46,10,0,0,1,1,25862.3203125,25243.55078125,25564.669921875
0,48,9,0,0,1,1,0.0,0.0,0.0
0,24,6,1,0,1,1,2874.243896484375,2903.903076171875,5401.0908203125
0,28,16,0,1,1,0,17937.08984375,19392.76953125,21285.169921875
0,51,12,0,0,1,0,8834.333984375,8831.6611328125,14206.8603515625
0,38,16,0,0,1,0,25862.3203125,25243.55078125,25564.669921875
0,53,12,0,0,1,0,21775.2890625,20241.390625,19897.58984375
0,54,12,0,0,1,0,7768.4931640625,7392.2421875,14434.4296875
0,37,12,0,0,1,0,21214.939453125,22531.2109375,24143.099609375
0,27,14,1,0,0,0,0.0,0.0,10122.4296875
0,28,12,0,0,1,0,13109.4501953125,12958.349609375,25564.669921875
0,51,17,0,0,1,0,0.0,0.0,0.0
0,21,14,0,0,0,0,80.32994079589844,1890.5810546875,6389.68994140625
0,40,11,0,0,1,1,25862.3203125,25243.55078125,25564.669921875
0,27,12,0,0,1,0,13973.490234375,13414.8896484375,15295.9501953125
0,39,12,0,0,1,0,0.0,0.0,0.0
0,37,12,0,0,1,0,23926.5703125,16555.109375,19028.689453125
0,51,14,0,0,1,0,0.0,0.0,0.0
0,42,8,0,0,1,1,3177.930908203125,5610.87109375,7180.27294921875
0,49,8,0,0,1,1,25862.3203125,11968.3095703125,25564.669921875
0,35,12,1,0,1,0,14774.830078125,12723.8203125,8408.263671875
0,19,12,1,0,0,0,495.6944885253906,304.35479736328125,1535.3580322265625
0,26,15,0,0,1,0,22084.859375,23290.310546875,25478.9609375
0,47,8,0,0,1,1,25862.3203125,11295.150390625,19237.0390625
0,18,11,0,0,0,1,2065.06689453125,1767.0479736328125,4093.302978515625
0,21,11,0,0,0,1,10536.9404296875,4457.90283203125,0.0
0,24,16,0,0,0,0,0.0,17008.060546875,1835.3360595703125
0,40,12,0,0,1,0,25862.3203125,25243.55078125,25564.669921875
0,18,8,0,0,0,1,1873.0589599609375,2468.85498046875,0.0
0,20,13,0,0,0,0,235.11199951171875,273.9194030761719,5158.7431640625
0,36,10,0,0,1,1,3638.35791015625,3483.968017578125,4588.3408203125
0,34,12,0,0,0,0,25862.3203125,23095.16015625,25564.669921875
0,51,8,0,1,1,1,17649.080078125,13570.650390625,12915.330078125
0,17,11,0,0,0,1,0.0,1992.6290283203125,6714.7900390625
0,41,12,0,0,1,0,0.0,0.0,0.0
0,46,17,0,0,1,0,0.0,0.0,0.0
0,34,13,0,0,1,0,25862.3203125,20110.689453125,12980.349609375
0,19,12,0,0,0,0,0.0,0.0,982.6881713867188
0,28,12,0,0,1,0,21130.689453125,19935.240234375,25564.669921875
0,55,12,0,0,1,0,0.0,0.0,0.0
0,32,12,0,0,1,0,17989.990234375,22772.900390625,25564.669921875
0,54,12,0,0,1,0,10145.080078125,9896.9033203125,0.0
0,28,8,0,1,1,1,9633.71484375,8285.61328125,7075.35498046875
0,20,13,0,0,1,0,33.30754089355469,1312.3060302734375,12299.1201171875
0,41,11,0,0,0,1,13691.3603515625,12168.8203125,12461.669921875
0,29,14,0,0,0,0,17535.439453125,16884.529296875,9919.9775390625
0,42,12,0,0,1,0,12284.599609375,6291.19384765625,11010.5400390625
0,55,12,0,0,1,0,18178.080078125,15833.6103515625,14973.7998046875
0,22,14,0,0,0,0,8769.677734375,15808.5498046875,22139.30078125
0,22,12,1,0,0,0,21867.380859375,15096.0,25564.669921875
0,26,16,0,0,0,0,16773.279296875,18141.33984375,25564.669921875
0,47,12,0,0,1,0,0.0,0.0,0.0
0,35,12,0,0,1,0,25862.3203125,25243.55078125,25564.669921875
0,30,16,0,0,1,0,21598.9609375,21730.939453125,22864.859375
0,35,16,0,0,1,0,23511.19921875,25243.55078125,25564.669921875
0,24,11,0,0,0,1,4553.3359375,1075.9840087890625,17199.259765625
0,21,12,0,0,0,0,13793.240234375,14161.4501953125,18722.80078125
0,19,10,0,0,1,1,9453.4619140625,10849.349609375,11706.5498046875
0,29,12,1,0,1,0,25862.3203125,25243.55078125,25564.669921875
0,24,11,1,0,1,1,4935.39306640625,6405.77392578125,20886.189453125
0,30,13,0,0,1,0,25862.3203125,25243.55078125,25564.669921875
0,35,11,0,0,1,1,23568.01953125,20157.240234375,14545.259765625
0,39,12,0,0,0,0,25862.3203125,25243.55078125,3855.388916015625
0,51,12,0,0,1,0,13152.5595703125,17946.189453125,17629.279296875
0,22,13,0,0,0,0,10031.4501953125,8011.69384765625,20386.720703125
0,48,11,0,0,1,1,23432.830078125,21224.26953125,18552.859375
0,23,12,0,0,0,0,10225.41015625,5168.6611328125,23170.75
0,53,12,0,0,1,0,0.0,0.0,0.0
0,33,13,0,0,0,0,15913.16015625,15701.1298828125,16693.880859375
0,23,8,0,0,1,1,3595.2548828125,4866.09716796875,2782.55908203125
0,47,9,1,0,0,1,10025.5703125,10450.1103515625,11560.25
0,20,12,0,0,1,0,5644.64794921875,7931.12890625,15894.4296875
0,40,18,0,0,0,0,22664.80078125,14736.150390625,12472.009765625
0,47,11,0,0,1,1,25862.3203125,25243.55078125,25564.669921875
0,27,12,0,0,0,0,16052.26953125,15701.1298828125,13258.16015625
0,45,18,0,0,1,0,25862.3203125,25243.55078125,25564.669921875
0,45,13,0,0,1,0,25660.51953125,24321.529296875,25378.48046875
0,30,14,0,0,1,0,25862.3203125,25243.55078125,0.0
0,45,18,0,0,1,0,25862.3203125,25243.55078125,25564.669921875
0,46,12,0,0,1,0,25862.3203125,25243.55078125,25010.51953125
0,33,12,0,0,1,0,25862.3203125,25243.55078125,25564.669921875
0,30,12,0,0,1,0,25862.3203125,25243.55078125,25564.669921875
0,27,16,0,0,0,0,2302.137939453125,19476.919921875,24584.939453125
0,31,14,0,0,0,0,14792.4599609375,18164.609375,25564.669921875
0,16,10,0,0,0,1,0.0,0.0,0.0
0,36,14,0,0,0,0,0.0,0.0,2841.66796875
0,25,12,0,1,1,0,11704.66015625,12688.01953125,13003.990234375
0,37,12,1,0,1,0,25862.3203125,23122.01953125,25564.669921875
0,49,12,0,0,1,0,22372.869140625,25243.55078125,14656.08984375
0,42,12,0,0,1,0,25862.3203125,25243.55078125,25564.669921875
0,26,10,0,0,1,1,8556.1181640625,11871.6298828125,11845.4599609375
0,45,12,0,0,1,0,5877.7998046875,14487.2900390625,25564.669921875
0,41,7,0,0,1,1,23873.669921875,24420.0,25564.669921875
0,29,12,0,0,1,0,7186.5908203125,24400.310546875,25564.669921875
0,49,18,0,0,1,0,25862.3203125,25243.55078125,25564.669921875
0,51,12,0,0,0,0,25862.3203125,25243.55078125,0.0
0,55,15,0,0,1,0,25862.3203125,25243.55078125,25564.669921875
0,23,12,0,0,0,0,5591.7470703125,1818.968017578125,13284.759765625
0,37,12,0,0,1,0,25862.3203125,20497.400390625,21028.05078125
0,51,12,0,0,1,0,25862.3203125,25243.55078125,25564.669921875
0,45,18,0,0,0,0,22237.6796875,19997.900390625,0.0
0,35,14,0,0,1,0,23991.220703125,21229.650390625,25564.669921875
0,21,12,0,0,0,0,12547.1396484375,13857.099609375,19328.66015625
0,23,14,0,0,1,0,10893.51953125,14925.919921875,15158.51953125
0,48,8,0,0,0,1,25862.3203125,25243.55078125,0.0
0,44,12,0,1,1,0,25862.3203125,24982.16015625,25564.669921875
0,34,12,0,0,1,0,18769.779296875,17822.66015625,18861.69921875
0,30,12,1,0,1,0,18211.380859375,23768.3203125,22230.919921875
0,26,13,0,0,1,0,20854.439453125,18664.109375,25564.669921875
0,44,7,0,0,1,1,6056.09423828125,914.8547973632812,6497.56396484375
0,18,12,0,0,0,0,442.7943115234375,680.3225708007812,10115.0400390625
0,45,2,1,0,0,1,5446.76220703125,7877.4189453125,237.91400146484375
0,42,8,0,0,0,1,17925.330078125,300.7742004394531,14116.7197265625
0,27,12,0,0,1,0,8305.33203125,8538.0478515625,9822.44921875
0,49,8,0,0,1,1,22253.349609375,24450.439453125,22628.4296875
0,27,12,0,0,1,0,0.0,25243.55078125,4223.3427734375
0,30,17,0,1,1,0,11363.75,1074.1939697265625,25564.669921875
0,29,11,0,0,1,1,14798.33984375,16923.919921875,2705.717041015625
0,42,12,0,0,1,0,25862.3203125,25243.55078125,25564.669921875
0,24,14,0,0,0,0,1216.7049560546875,7091.4677734375,0.0
0,33,13,1,0,1,0,15809.3203125,5308.30615234375,6967.48095703125
0,32,12,0,0,1,0,0.0,0.0,0.0
0,27,13,0,0,1,0,12844.9501953125,0.0,25564.669921875
0,30,12,1,0,0,0,22321.9296875,6346.69384765625,9565.32421875
0,16,10,1,0,0,1,0.0,922.01611328125,4838.0771484375
0,42,6,0,0,1,1,2793.9140625,4642.30615234375,6905.416015625
0,16,9,0,0,0,1,0.0,96.67742156982422,0.0
0,24,15,0,0,1,0,0.0,0.0,25564.669921875
0,20,12,0,0,0,0,5037.27490234375,0.0,0.0
0,20,12,0,0,0,0,3904.819091796875,375.96771240234375,1938.7769775390625
0,19,12,1,0,0,0,1681.051025390625,0.0,0.0
0,26,12,0,0,1,0,17986.0703125,25155.8203125,25564.669921875
0,32,18,0,0,1,0,6451.8662109375,25243.55078125,4773.05712890625
0,28,12,0,0,1,0,0.0,0.0,0.0
0,43,12,0,0,1,0,16303.0595703125,14752.259765625,11965.150390625
0,34,16,0,0,0,0,0.0,0.0,10658.83984375
0,29,14,0,0,1,0,19096.970703125,17967.6796875,7734.4208984375
0,21,12,0,0,0,0,7155.2421875,11259.33984375,23868.240234375
0,19,12,0,0,0,0,0.0,0.0,0.0
0,33,14,0,0,1,0,15674.1298828125,15575.8095703125,23147.109375
0,27,12,0,0,1,0,24212.619140625,23587.5,25564.669921875
0,39,8,0,0,1,1,25862.3203125,25243.55078125,25564.669921875
0,32,14,0,0,1,0,24216.5390625,24328.689453125,22943.1796875
0,21,15,0,0,1,0,1567.4129638671875,5123.90283203125,13515.2900390625
0,29,12,0,0,1,0,17982.150390625,14349.4404296875,2617.053955078125
0,48,17,0,0,1,0,25862.3203125,25243.55078125,25564.669921875
0,28,16,0,0,1,0,25862.3203125,25243.55078125,25564.669921875
0,41,14,0,0,1,0,0.0,0.0,22409.720703125
0,39,12,0,0,0,0,23879.5390625,22921.5,25564.669921875
0,28,12,0,0,1,0,19506.4609375,17437.740234375,24951.41015625
0,16,8,0,0,0,1,0.0,0.0,2559.422119140625
0,51,16,0,0,1,0,0.0,0.0,0.0
0,16,9,0,1,0,1,144.98570251464844,0.0,9014.1318359375
0,45,18,0,0,1,0,12296.3603515625,9963.14453125,25564.669921875
0,18,12,0,0,0,0,0.0,0.0,18987.310546875
0,45,12,0,0,1,0,24281.189453125,25243.55078125,25564.669921875
0,30,12,0,0,1,0,25862.3203125,25243.55078125,25564.669921875
0,54,14,0,0,1,0,0.0,0.0,0.0
0,29,16,0,0,1,0,19114.609375,18178.939453125,3917.452880859375
0,30,12,0,0,1,0,25862.3203125,24004.650390625,25564.669921875
0,36,11,0,0,1,1,11638.0400390625,10634.51953125,12235.580078125
0,22,11,0,0,1,1,3030.986083984375,1976.5159912109375,0.0
0,17,9,0,1,0,1,1214.7449951171875,2694.43505859375,17886.400390625
0,32,18,0,0,1,0,1332.301025390625,1058.0810546875,1279.7110595703125
0,47,12,0,0,1,0,20348.94921875,19331.900390625,14797.9501953125
0,21,12,0,0,1,0,12259.1298828125,14881.16015625,19860.650390625
0,34,8,0,0,0,1,10139.2099609375,7651.8388671875,12068.58984375
0,26,11,0,0,0,1,7511.8291015625,11153.7099609375,13668.9697265625
0,20,13,0,0,0,0,3691.259033203125,2237.903076171875,189.1490020751953
0,40,8,0,0,1,1,13728.580078125,15719.0302734375,13973.3798828125
0,53,10,0,0,1,1,25862.3203125,25243.55078125,25564.669921875
0,42,11,0,0,1,1,19831.69921875,18835.98046875,19757.19921875
0,48,9,0,0,1,1,18485.6796875,17976.630859375,14865.9296875
0,52,8,0,0,1,1,4692.44384765625,0.0,0.0
0,29,17,0,0,1,0,19124.400390625,18966.6796875,19662.630859375
0,28,17,0,0,1,0,25862.3203125,25243.55078125,25564.669921875
0,45,12,0,0,1,0,25862.3203125,25243.55078125,23492.900390625
0,47,14,0,0,1,0,0.0,0.0,0.0
0,32,8,1,0,1,1,7311.98388671875,7311.6767578125,8140.7958984375
0,50,11,0,0,1,1,13497.3896484375,25243.55078125,25564.669921875
0,28,12,0,0,1,0,18023.30078125,21059.560546875,19715.830078125
0,53,14,0,0,0,0,25862.3203125,25243.55078125,25564.669921875
0,16,10,0,0,0,1,640.68017578125,947.0806274414062,9485.52734375
0,29,12,0,1,0,0,9333.947265625,6994.7900390625,12194.2001953125
0,34,10,0,0,1,1,5325.287109375,3211.839111328125,2102.804931640625
0,16,10,0,0,0,1,1091.31201171875,1430.468017578125,11511.490234375
0,51,12,0,0,1,0,932.6110229492188,6391.4521484375,0.0
0,23,13,1,0,1,0,13338.6904296875,13445.3203125,15464.41015625
0,39,14,1,0,1,0,25862.3203125,25243.55078125,9370.263671875
0,50,8,0,1,1,1,19575.029296875,18871.7890625,24713.5
0,20,11,0,1,0,1,2239.44189453125,3002.37109375,9917.0234375
0,37,12,0,0,1,0,23401.48046875,25243.55078125,25564.669921875
0,41,4,0,1,1,1,8213.24609375,8434.2099609375,11433.169921875
0,27,14,0,0,0,0,16555.80078125,14430.0,6494.60791015625
0,45,12,0,1,0,0,22335.640625,11010.48046875,18196.73046875
0,49,8,0,0,1,1,14684.7001953125,136.0644989013672,14963.4599609375
0,49,9,0,0,1,1,22333.6796875,19706.080078125,25564.669921875
0,55,14,0,0,1,0,17137.7109375,0.0,25564.669921875
0,38,9,0,0,1,1,8652.1220703125,9187.9345703125,7431.48681640625
0,46,15,0,0,1,0,10125.490234375,11572.650390625,7131.5078125
0,23,17,0,0,1,0,7723.43017578125,7949.0322265625,22309.240234375
0,42,7,0,0,1,1,16549.9296875,16091.419921875,14065.0
0,28,18,0,0,0,0,0.0,0.0,0.0
0,36,16,0,0,1,0,16918.26953125,17538.0,21353.150390625
0,54,12,0,0,1,0,19982.560546875,19960.310546875,17206.650390625
0,44,12,0,0,1,0,20664.390625,20243.1796875,21860.009765625
0,39,8,0,0,1,1,21885.009765625,10161.8701171875,21531.94921875
0,25,9,0,0,1,1,14637.6796875,16488.869140625,13754.6796875
0,38,10,0,0,1,1,24900.3203125,18961.310546875,25564.669921875
0,24,12,0,0,0,0,10260.6796875,5496.2900390625,14159.580078125
0,22,13,0,0,1,0,21193.390625,12149.1298828125,23008.19921875
0,28,12,0,0,0,0,0.0,0.0,0.0
0,20,12,0,0,1,0,2711.625,13871.419921875,17485.939453125
0,41,12,0,0,1,0,18765.859375,18952.349609375,11121.3701171875
0,37,13,0,0,1,0,25862.3203125,25243.55078125,25564.669921875
0,27,10,0,0,1,1,7952.6640625,9755.4677734375,13105.9599609375
0,29,10,0,0,1,1,20439.0703125,19838.560546875,5454.2890625
0,28,18,0,0,1,0,25862.3203125,25243.55078125,25564.669921875
0,16,10,0,0,0,1,0.0,69.82257843017578,1259.02294921875
0,49,12,0,0,1,0,25033.55078125,22531.2109375,24766.69921875
0,36,12,0,0,1,0,25862.3203125,25243.55078125,3132.780029296875
0,33,16,0,0,1,0,25862.3203125,25243.55078125,25564.669921875
0,22,11,0,0,1,1,10109.8203125,18726.76953125,2807.679931640625
0,54,12,0,0,1,0,25862.3203125,25243.55078125,25564.669921875
0,27,14,0,0,0,0,15576.169921875,24706.44921875,25564.669921875
0,46,12,0,0,1,0,25862.3203125,25243.55078125,25564.669921875
0,49,12,0,0,1,0,25862.3203125,25243.55078125,25564.669921875
0,34,16,1,0,1,0,25862.3203125,25243.55078125,25564.669921875
0,42,12,0,0,1,0,12991.900390625,14240.23046875,14951.6396484375
0,29,12,0,0,1,0,21992.76953125,22513.310546875,25564.669921875
0,16,9,0,0,0,1,411.4460144042969,254.22579956054688,1725.9849853515625
0,48,16,0,0,1,0,2921.26708984375,0.0,323.6221008300781
0,16,10,0,0,0,1,0.0,164.70970153808594,8473.2841796875
0,53,12,0,0,1,0,10233.25,11305.8896484375,16150.0703125
0,35,18,0,0,1,0,0.0,0.0,0.0
0,22,13,0,1,0,0,6404.8427734375,7882.7900390625,9453.0166015625
0,24,13,0,0,1,0,19089.140625,19249.55078125,22591.48046875
0,27,12,0,0,0,0,11424.48046875,0.0,10887.8896484375
0,34,12,1,0,1,0,0.0,800.274169921875,153.68359375
0,39,12,0,0,1,0,0.0,0.0,0.0
0,22,13,0,0,1,0,17259.1796875,17600.66015625,10044.1103515625
0,52,16,0,1,1,0,25862.3203125,25243.55078125,25564.669921875
0,22,15,0,0,1,0,5391.90185546875,11364.9697265625,19528.16015625
0,38,11,0,0,1,1,25862.3203125,23145.2890625,23825.390625
0,39,12,0,0,1,0,13370.0400390625,14059.400390625,18780.4296875
0,34,12,0,0,1,0,8091.77197265625,3301.35498046875,4620.85107421875
0,24,10,0,0,1,1,6575.298828125,18712.44921875,2410.172119140625
0,41,12,0,0,1,0,25862.3203125,25243.55078125,25564.669921875
0,33,12,0,0,0,0,8076.09814453125,8810.1767578125,8130.4521484375
0,28,16,0,0,1,0,14449.58984375,21684.390625,25564.669921875
0,42,12,0,0,1,0,25862.3203125,25243.55078125,25564.669921875
0,29,16,0,0,1,0,25862.3203125,25243.55078125,25564.669921875
0,51,12,0,0,1,0,10487.9599609375,7247.22607421875,9489.9599609375
0,21,12,0,0,0,0,2827.221923828125,4056.87109375,5937.5048828125
0,52,11,0,0,1,1,18089.91015625,7778.9521484375,0.0
0,32,13,0,0,1,0,0.0,0.0,0.0
0,37,18,0,0,1,0,18926.51953125,17509.349609375,19226.69921875
0,49,14,0,0,0,0,25862.3203125,25243.55078125,25564.669921875
0,28,11,0,0,1,1,21026.849609375,25243.55078125,25564.669921875
0,24,12,0,0,1,0,23166.369140625,25243.55078125,15499.8701171875
0,32,14,0,0,1,0,25862.3203125,25243.55078125,25564.669921875
0,38,18,0,0,0,0,6957.35595703125,6805.01611328125,5863.619140625
0,44,8,1,0,1,1,25862.3203125,25243.55078125,0.0
0,43,8,0,0,0,1,0.0,311.51611328125,165.50540161132812
0,23,12,0,0,1,0,16334.41015625,15937.4501953125,25564.669921875
0,44,16,0,0,1,0,0.0,18164.609375,18377.009765625
0,54,6,0,1,1,1,14451.5498046875,14915.1796875,16450.05078125
0,32,16,0,0,1,0,18816.80078125,19396.349609375,0.0
0,24,13,0,0,0,0,20830.919921875,25243.55078125,23903.7109375
0,31,18,0,0,0,0,0.0,0.0,0.0
0,24,14,0,0,1,0,19079.33984375,24774.48046875,24175.609375
0,32,9,1,0,1,1,25862.3203125,18483.2890625,25564.669921875
0,29,18,0,0,0,0,25862.3203125,0.0,0.0
0,17,10,0,0,0,1,356.58660888671875,259.5968017578125,5149.876953125
0,16,9,0,0,0,1,0.0,0.0,5551.81884765625
0,36,18,0,0,0,0,0.0,0.0,0.0
0,42,17,0,0,1,0,25862.3203125,25243.55078125,25564.669921875
0,36,12,0,0,1,0,25862.3203125,25243.55078125,25564.669921875
0,21,12,1,0,0,0,10019.6904296875,4971.72607421875,0.0
0,27,17,0,1,0,0,3579.580078125,2830.5,25564.669921875
0,44,5,0,0,1,1,12729.3603515625,12747.099609375,13368.990234375
0,26,12,0,0,1,0,15105.9501953125,15044.080078125,16854.94921875
0,53,10,0,1,0,1,7878.2119140625,1489.5479736328125,13170.98046875
0,29,12,0,0,1,0,19919.869140625,14686.01953125,15600.3603515625
0,16,10,1,0,0,1,313.4826965332031,811.01611328125,0.0
0,49,12,0,0,0,0,22114.240234375,22860.630859375,24809.55078125
0,25,12,0,0,0,0,21908.51953125,7659.0,12401.080078125
0,24,13,0,0,1,0,22684.390625,23283.150390625,25564.669921875
0,34,12,0,0,1,0,0.0,0.0,0.0
0,35,16,0,0,1,0,0.0,21926.080078125,21514.220703125
0,40,9,0,0,1,1,15621.23046875,17147.7109375,25564.669921875
0,31,18,0,0,1,0,25862.3203125,25243.55078125,25564.669921875
0,35,12,0,0,1,0,25862.3203125,25243.55078125,0.0
0,40,8,0,0,1,1,24994.369140625,25243.55078125,9404.251953125
0,26,18,0,0,1,0,4181.0751953125,25243.55078125,25564.669921875
0,29,12,0,0,1,0,4998.08984375,7343.90283203125,12612.400390625
0,49,12,0,0,1,0,25862.3203125,14965.3095703125,24521.390625
0,33,12,0,1,1,0,12118.0703125,12691.599609375,4258.80810546875
0,23,12,1,0,0,0,11324.5595703125,11680.0595703125,8275.2685546875
0,46,12,0,0,1,0,25862.3203125,25243.55078125,25564.669921875
0,43,9,0,0,1,1,15382.2001953125,14021.8095703125,13751.7197265625
0,33,16,0,0,1,0,24461.44921875,22572.390625,24683.939453125
0,38,10,0,0,0,1,18252.529296875,18767.94921875,0.0
0,36,11,0,0,1,1,25862.3203125,25241.759765625,25564.669921875
0,17,14,0,0,0,0,0.0,1226.3709716796875,4617.89599609375
0,35,8,0,0,1,1,16348.1201171875,24285.73046875,12198.6298828125
0,19,11,0,0,0,1,0.0,1167.2900390625,11996.1796875
0,21,12,0,0,1,0,9923.685546875,13316.419921875,5922.72802734375
0,25,16,0,0,0,0,10529.099609375,6565.11279296875,13806.400390625
0,51,8,0,1,1,1,25862.3203125,25243.55078125,23786.9609375
0,26,13,0,0,1,0,16653.76953125,25243.55078125,25564.669921875
0,42,12,0,0,1,0,0.0,580.0645141601562,0.0
0,27,13,0,0,1,0,14870.83984375,12276.240234375,11040.099609375
0,42,9,1,0,1,1,25862.3203125,25243.55078125,25564.669921875
0,29,12,0,0,1,0,21802.720703125,21770.3203125,18402.130859375
0,34,12,0,0,1,0,25060.98046875,22284.150390625,22793.9296875
0,51,12,0,0,1,0,0.0,0.0,0.0
0,52,12,0,0,1,0,0.0,0.0,0.0
0,55,4,0,0,1,1,3898.94091796875,25243.55078125,0.0
0,21,11,0,0,0,1,5066.6640625,7118.3232421875,11526.26953125
0,28,12,0,0,1,0,23812.9296875,11624.5595703125,13558.1396484375
0,33,12,0,0,1,0,19102.849609375,18619.349609375,9752.9951171875
0,25,12,0,0,1,0,21138.529296875,19804.55078125,12928.6298828125
0,20,12,0,0,0,0,16542.08984375,14868.6298828125,16342.1796875
0,22,12,0,0,0,0,24212.619140625,22839.150390625,25564.669921875
0,35,12,0,0,1,0,25117.80078125,25243.55078125,23885.970703125
0,51,12,0,0,1,0,22445.359375,23258.080078125,23847.55078125
0,32,14,0,0,0,0,1400.8759765625,0.0,0.0
0,16,10,0,0,0,1,0.0,0.0,16095.400390625
0,35,11,0,0,1,1,25862.3203125,25243.55078125,25564.669921875
0,16,1,0,0,0,1,0.0,930.9677124023438,2351.06298828125
0,45,12,0,0,1,0,25862.3203125,25243.55078125,25564.669921875
0,17,11,0,0,0,1,1163.803955078125,1129.6939697265625,11241.0703125
0,48,8,0,0,1,1,25862.3203125,25243.55078125,25564.669921875
0,36,12,0,0,1,0,25815.30078125,25243.55078125,25564.669921875
0,41,7,0,0,1,1,24865.05078125,11746.3095703125,11029.75
0,30,12,0,0,1,0,23838.400390625,4049.7099609375,25564.669921875
0,51,12,0,0,1,0,21001.380859375,3140.22607421875,16015.599609375
0,19,9,0,1,1,1,14608.2900390625,12304.8896484375,10165.2802734375
0,30,16,0,0,1,0,20660.470703125,16617.76953125,17098.76953125
0,53,7,0,0,1,1,22308.2109375,21521.470703125,10159.3701171875
0,33,16,0,0,0,0,15282.2802734375,15683.23046875,17985.41015625
0,27,16,0,0,1,0,23262.369140625,21883.109375,25564.669921875
0,33,14,0,0,1,0,10231.2900390625,5170.4521484375,10250.990234375
0,30,12,0,0,0,0,15341.0595703125,8020.64501953125,14251.2001953125
0,33,7,1,0,1,1,21518.630859375,20314.7890625,17120.939453125
0,39,12,0,0,1,0,25862.3203125,25243.55078125,25564.669921875
0,35,11,1,0,1,1,21369.720703125,18793.01953125,0.0
0,27,9,0,1,1,1,12829.2802734375,0.0,0.0
0,39,13,0,0,1,0,25862.3203125,25243.55078125,25564.669921875
0,20,11,0,0,0,1,11207.009765625,12424.83984375,13012.8603515625
0,21,12,0,0,0,0,2893.8369140625,9764.4189453125,22068.369140625
0,35,12,0,0,1,0,17506.05078125,15262.5,20779.7890625
0,20,12,0,0,1,0,18276.0390625,13008.48046875,0.0
0,43,12,0,0,1,0,25862.3203125,25243.55078125,25564.669921875
0,32,12,0,0,1,0,25862.3203125,21226.060546875,25564.669921875
0,32,12,0,0,1,0,24020.609375,25243.55078125,25564.669921875
0,47,3,0,0,1,1,18775.650390625,16214.9501953125,14299.9599609375
0,49,12,0,0,0,0,7558.85107421875,11778.5302734375,0.0
0,35,13,0,0,1,0,9202.67578125,2268.339111328125,19025.73046875
0,55,17,0,0,0,0,25862.3203125,25243.55078125,25564.669921875
0,50,12,0,0,1,0,14379.0595703125,11663.9501953125,8134.884765625
0,23,16,0,0,1,0,17169.05078125,20751.630859375,25555.80078125
0,30,13,0,0,1,0,13993.080078125,13835.6103515625,16813.5703125
0,19,11,0,0,0,1,0.0,0.0,486.1719970703125
0,40,11,0,0,1,1,24087.23046875,23589.2890625,22749.599609375
0,43,14,0,0,1,0,24667.169921875,22101.529296875,19674.44921875
0,35,10,0,0,1,1,6508.68408203125,2128.694091796875,11082.9501953125
0,29,12,0,0,1,0,6647.7919921875,7988.4189453125,11545.48046875
0,18,11,0,0,0,1,3166.175048828125,2638.93505859375,0.0
0,40,12,0,0,1,0,24100.939453125,25157.609375,25564.669921875
0,42,16,0,1,1,0,15358.6904296875,10835.0302734375,25564.669921875
0,55,6,1,0,1,1,12349.259765625,10833.240234375,15488.0498046875
0,49,14,0,0,1,0,25862.3203125,25243.55078125,25564.669921875
0,37,12,0,0,1,0,16806.58984375,12637.8896484375,21970.83984375
0,18,12,0,0,0,0,0.0,3070.403076171875,5015.40380859375
0,46,12,0,0,1,0,25862.3203125,24706.44921875,25564.669921875
0,40,10,1,0,0,1,16871.25,18520.890625,25564.669921875
0,34,12,0,0,1,0,21984.9296875,23367.2890625,24129.80078125
0,35,12,0,0,1,0,16320.6904296875,14662.740234375,2696.85107421875
0,44,8,0,0,1,1,14776.7900390625,9504.8232421875,17601.19921875
0,46,18,0,0,1,0,1273.52294921875,268.54840087890625,0.0
0,16,9,0,0,0,1,0.0,916.6452026367188,729.9968872070312
0,50,16,0,0,1,0,25862.3203125,25243.55078125,25564.669921875
0,39,8,0,0,1,1,24163.640625,20937.8203125,25564.669921875
0,20,11,0,0,1,1,5822.94091796875,3532.305908203125,11075.5595703125
0,20,11,0,0,0,1,5601.5439453125,6371.7578125,268.9461975097656
0,36,12,0,0,1,0,25862.3203125,23506.939453125,25564.669921875
0,50,18,1,0,1,0,25862.3203125,25243.55078125,0.0
0,48,11,0,0,1,1,18930.439453125,18039.2890625,21391.5703125
0,26,11,0,0,0,1,0.0,0.0,0.0
0,45,12,0,0,1,0,25862.3203125,19099.16015625,25564.669921875
0,45,12,0,0,1,0,15891.6103515625,12858.099609375,17076.609375
0,50,11,0,0,0,1,25862.3203125,25243.55078125,25564.669921875
0,29,7,0,0,1,1,3115.23388671875,8491.5,5718.8017578125
0,20,13,0,0,0,0,7921.31591796875,950.6613159179688,6794.5869140625
0,16,10,0,0,0,1,4081.153076171875,1518.1939697265625,8888.525390625
0,28,12,0,0,1,0,11865.3203125,15178.349609375,18648.91015625
0,20,12,0,0,0,0,12723.48046875,7345.69384765625,9469.2724609375
0,24,13,0,0,1,0,11896.669921875,7945.4521484375,1052.1409912109375
0,33,12,0,0,1,0,25862.3203125,24892.650390625,25564.669921875
0,18,12,0,0,0,0,4490.64013671875,6124.69384765625,7766.93115234375
0,31,12,0,0,1,0,493.7351989746094,223.79029846191406,0.0
0,29,12,0,0,1,0,8277.90234375,17351.810546875,23880.060546875
0,23,12,0,0,1,0,405.5682067871094,495.9194030761719,2491.447021484375
0,44,16,0,0,1,0,25860.359375,25243.55078125,25564.669921875
0,22,8,0,0,1,1,6012.990234375,3063.241943359375,4928.2177734375
0,40,13,1,0,1,0,0.0,0.0,0.0
0,37,12,0,0,1,0,25862.3203125,25243.55078125,25564.669921875
0,37,18,0,0,1,0,1763.3399658203125,25243.55078125,25564.669921875
0,55,10,0,0,1,1,25787.869140625,25243.55078125,23108.689453125
0,45,11,0,0,1,1,25862.3203125,25243.55078125,0.0
0,20,12,0,0,0,0,4124.2568359375,12193.8896484375,23745.58984375
0,23,13,0,0,1,0,11351.990234375,9717.87109375,15829.41015625
0,53,9,0,0,1,1,23503.359375,20814.2890625,23795.830078125
0,23,15,0,0,0,0,12558.900390625,12913.599609375,8189.56103515625
0,49,13,0,0,1,0,25862.3203125,25243.55078125,25564.669921875
0,27,12,0,0,1,0,19085.220703125,20937.8203125,21854.099609375
0,26,13,0,0,1,0,15550.7001953125,13212.580078125,15819.0595703125
0,33,16,0,0,1,0,22376.7890625,23270.609375,25564.669921875
0,34,12,0,0,0,0,0.0,0.0,0.0
0,50,14,0,1,1,0,19547.599609375,22096.16015625,24035.220703125
0,44,7,0,0,1,1,20586.01953125,20377.44921875,18768.609375
0,27,14,1,0,1,0,0.0,0.0,0.0
0,17,11,0,0,0,1,1275.4830322265625,6165.87109375,4412.4921875
0,20,12,0,0,1,0,13654.1298828125,17416.259765625,15451.1103515625
0,40,8,0,0,1,1,22462.990234375,14652.0,14459.5498046875
0,18,12,0,0,0,0,0.0,0.0,0.0
0,39,16,0,0,1,0,24292.94921875,25241.759765625,0.0
0,35,12,1,0,1,0,0.0,0.0,0.0
0,28,12,0,0,1,0,0.0,0.0,1392.0179443359375
0,19,10,0,0,0,1,1996.4930419921875,7583.80615234375,11230.7197265625
0,33,8,0,0,1,1,17613.810546875,17199.630859375,18520.349609375
0,27,16,0,0,1,0,10944.4599609375,21238.599609375,25564.669921875
0,30,15,0,0,0,0,25862.3203125,25243.55078125,25564.669921875
0,30,18,0,0,1,0,0.0,0.0,0.0
0,35,12,1,0,1,0,16977.05078125,11789.26953125,19641.939453125
0,46,12,0,0,1,0,0.0,0.0,0.0
0,17,11,0,0,0,1,1396.95703125,3509.031982421875,2888.955078125
0,29,13,0,0,1,0,25415.609375,25243.55078125,25564.669921875
0,47,12,1,0,1,0,0.0,0.0,0.0
0,33,6,0,0,1,1,5497.703125,5131.06494140625,4920.8291015625
0,40,12,0,0,1,0,0.0,0.0,0.0
0,20,14,0,0,1,0,10419.3798828125,10235.26953125,17177.08984375
0,42,3,0,1,1,1,0.0,7897.11279296875,11526.26953125
0,35,15,0,0,0,0,3083.885986328125,324.04840087890625,0.0
0,38,12,0,0,1,0,25862.3203125,25243.55078125,25564.669921875
0,29,13,0,0,1,0,25862.3203125,25243.55078125,25564.669921875
0,18,12,0,0,0,0,2427.531982421875,2626.403076171875,1102.384033203125
0,24,12,0,1,1,0,18654.1796875,18322.16015625,21032.48046875
0,30,16,0,1,1,0,23552.349609375,20167.98046875,25564.669921875
0,31,12,0,0,1,0,23397.560546875,25164.76953125,22832.349609375
0,28,13,0,1,1,0,0.0,0.0,0.0
0,17,11,0,0,0,1,724.9287109375,2520.77392578125,2720.4951171875
0,43,12,0,0,1,0,25862.3203125,25243.55078125,25564.669921875
0,19,13,0,0,1,0,0.0,6126.48388671875,11780.4404296875
0,28,12,1,0,0,0,6285.328125,2255.805908203125,7310.31298828125
0,27,12,0,0,1,0,14622.009765625,14331.5302734375,20204.9609375
0,20,11,0,0,0,1,7468.72509765625,8699.1767578125,7808.30712890625
0,38,7,0,0,1,1,22306.25,18866.419921875,22192.5
0,55,13,0,0,1,0,11559.669921875,14080.8896484375,14815.6904296875
0,28,13,0,0,1,0,18885.369140625,20919.919921875,17482.98046875
0,44,16,0,0,1,0,25862.3203125,13726.400390625,25564.669921875
0,28,12,0,0,1,0,25862.3203125,25243.55078125,25564.669921875
0,29,12,0,0,1,0,13031.080078125,5281.4521484375,25564.669921875
0,17,10,0,0,0,1,56.81874084472656,1885.2099609375,5628.6611328125
0,35,17,0,0,1,0,25584.109375,25243.55078125,25564.669921875
0,28,14,1,0,0,0,18070.3203125,16342.0595703125,799.4500732421875
0,36,3,0,1,0,1,10597.669921875,8683.0654296875,10613.0302734375
0,39,12,0,0,1,0,25862.3203125,25243.55078125,0.0
0,47,5,0,0,1,1,25862.3203125,17376.869140625,17273.150390625
0,22,16,0,0,0,0,3534.51708984375,2110.7900390625,21540.8203125
0,52,8,0,0,1,1,20135.380859375,20440.109375,21495.009765625
0,18,11,0,0,0,1,1310.7490234375,1455.531982421875,2157.48095703125
0,46,11,1,0,1,1,0.0,0.0,2820.97998046875
0,55,7,0,0,1,1,17584.419921875,12362.1796875,15383.1298828125
0,27,12,0,0,1,0,11195.25,15217.740234375,0.0
0,30,12,1,0,0,0,0.0,0.0,1898.8790283203125
0,22,13,0,0,1,0,21867.380859375,17836.98046875,25564.669921875
0,47,11,0,0,1,1,25862.3203125,25243.55078125,25564.669921875
0,22,8,0,0,1,1,15668.259765625,14592.919921875,13846.2998046875
0,28,18,0,0,1,0,8152.5087890625,8785.11328125,5900.56201171875
0,44,6,1,0,0,1,17337.55078125,7537.2578125,7268.93701171875
0,34,12,0,0,1,0,13193.7001953125,9311.4677734375,25564.669921875
0,30,12,0,0,0,0,17233.7109375,17437.740234375,17589.380859375
0,50,12,0,0,1,0,0.0,0.0,0.0
0,20,12,0,0,0,0,8838.2529296875,8384.0810546875,0.0
0,47,12,0,0,1,0,25862.3203125,15518.51953125,25564.669921875
0,28,16,0,0,1,0,18810.919921875,19747.259765625,25564.669921875
0,32,12,0,0,1,0,20768.23046875,21625.310546875,25326.759765625
0,27,11,1,0,1,1,13491.509765625,12233.26953125,10924.830078125
0,25,13,0,0,1,0,22627.5703125,21553.689453125,23544.619140625
0,29,13,0,0,0,0,16005.25,10339.1103515625,12599.099609375
0,42,12,0,1,1,0,25862.3203125,25243.55078125,21339.849609375
0,28,12,0,0,1,0,24520.220703125,25243.55078125,25564.669921875
0,18,9,0,0,0,1,3268.056884765625,1575.4840087890625,7438.8759765625
0,38,14,0,0,1,0,25721.25,25243.55078125,25564.669921875
0,42,10,0,0,1,1,12735.23046875,11637.099609375,1921.0450439453125
0,26,9,1,0,1,1,8225.001953125,24951.73046875,16151.5498046875
0,28,16,0,0,1,0,25862.3203125,25243.55078125,15352.099609375
0,37,8,0,1,1,1,12088.6796875,14182.9404296875,19238.51953125
0,45,0,0,0,0,1,0.0,0.0,0.0
0,37,12,0,0,1,0,25862.3203125,25243.55078125,25564.669921875
0,33,17,0,0,1,0,25431.279296875,25243.55078125,25564.669921875
0,20,14,0,0,0,0,2897.756103515625,3736.403076171875,7762.498046875
0,26,12,0,0,0,0,19420.25,22242.970703125,25564.669921875
0,47,12,0,0,1,0,25862.3203125,25243.55078125,0.0
0,20,12,0,0,0,0,1882.85498046875,6982.2578125,2857.923095703125
0,19,11,0,0,0,1,2270.7900390625,5168.6611328125,5810.4208984375
0,18,12,0,0,0,0,2695.950927734375,6790.69384765625,12169.080078125
0,34,8,0,0,1,1,6410.72119140625,12671.900390625,13772.41015625
0,49,12,0,0,1,0,22807.8203125,23818.44921875,25564.669921875
0,45,12,0,0,1,0,9277.1279296875,0.0,12108.490234375
0,17,10,0,0,0,1,0.0,1294.4029541015625,16863.8203125
0,36,8,0,0,1,1,10272.4404296875,13538.419921875,11026.7998046875
0,18,12,0,0,0,0,3526.679931640625,2823.339111328125,8259.013671875
0,34,12,0,0,1,0,25860.359375,25243.55078125,25564.669921875
0,23,13,0,0,1,0,25013.9609375,25243.55078125,20844.810546875
0,28,15,0,0,1,0,6606.64794921875,17355.390625,19785.279296875
0,51,12,0,0,1,0,18675.73046875,17736.73046875,18716.880859375
0,28,16,0,0,1,0,15478.2099609375,17321.369140625,17488.890625
0,48,12,0,0,0,0,25862.3203125,25243.55078125,25564.669921875
0,46,14,0,0,1,0,25862.3203125,25243.55078125,25564.669921875
0,46,8,0,0,1,1,25862.3203125,25243.55078125,25564.669921875
1,37,11,1,0,1,1,0.0,0.0,9930.0458984375
1,22,9,0,1,0,1,0.0,0.0,3595.89404296875
1,30,12,1,0,0,0,0.0,0.0,24909.44921875
1,27,11,1,0,0,1,0.0,0.0,7506.14599609375
1,33,8,1,0,0,1,0.0,0.0,289.7898864746094
1,22,9,1,0,0,1,0.0,0.0,4056.493896484375
1,23,12,1,0,0,0,0.0,0.0,0.0
1,32,11,1,0,0,1,0.0,0.0,8472.158203125
1,22,16,1,0,0,0,0.0,0.0,2164.02197265625
1,33,12,0,0,1,0,0.0,0.0,12418.0703125
1,19,9,1,0,0,1,0.0,0.0,8173.908203125
1,21,13,1,0,0,0,0.0,0.0,17094.640625
1,18,8,1,0,0,1,0.0,0.0,0.0
1,27,10,1,0,1,1,0.0,0.0,18739.9296875
1,17,7,1,0,0,1,0.0,0.0,3023.87890625
1,19,10,1,0,0,1,0.0,0.0,3228.5029296875
1,27,13,1,0,0,0,0.0,0.0,14581.8603515625
1,23,10,1,0,0,1,0.0,0.0,7693.39990234375
1,40,12,1,0,0,0,0.0,0.0,10804.3203125
1,26,12,1,0,0,0,0.0,0.0,10747.349609375
1,23,11,1,0,0,1,0.0,0.0,0.0
1,41,14,0,0,0,0,0.0,0.0,5149.5009765625
1,38,9,0,0,0,1,0.0,0.0,6408.9501953125
1,24,11,1,0,0,1,0.0,0.0,1991.4000244140625
1,18,10,1,0,0,1,0.0,0.0,11163.169921875
1,29,11,1,0,1,1,0.0,0.0,9642.9990234375
1,25,11,1,0,0,1,0.0,0.0,9897.048828125
1,27,10,0,1,0,1,0.0,0.0,11142.8701171875
1,17,10,1,0,0,1,0.0,0.0,16218.0400390625
1,24,11,1,0,0,1,0.0,0.0,995.7001953125
1,17,10,1,0,0,1,0.0,0.0,0.0
1,48,4,1,0,0,1,0.0,0.0,6551.591796875
1,25,11,1,0,1,1,0.0,0.0,1574.4239501953125
1,20,12,1,0,0,0,0.0,0.0,0.0
1,25,12,1,0,0,0,0.0,0.0,3191.7529296875
1,42,14,1,0,0,0,0.0,0.0,20505.9296875
1,25,5,1,0,0,1,0.0,0.0,6181.8798828125
1,23,12,1,0,1,0,0.0,0.0,5911.55078125
1,46,8,1,0,1,1,0.0,0.0,3094.156005859375
1,24,10,1,0,0,1,0.0,0.0,0.0
1,21,12,1,0,0,0,0.0,0.0,1254.58203125
1,19,9,0,0,0,1,0.0,0.0,13188.830078125
1,17,8,1,0,0,1,0.0,0.0,8061.48486328125
1,18,8,0,1,1,1,0.0,0.0,2787.9599609375
1,20,11,1,0,0,1,0.0,0.0,3972.5400390625
1,25,11,1,0,1,1,0.0,0.0,0.0
1,17,8,1,0,0,1,0.0,0.0,0.0
1,17,9,1,0,0,1,0.0,0.0,0.0
1,25,5,1,0,0,1,0.0,0.0,12187.41015625
1,23,12,1,0,0,0,0.0,0.0,4843.17578125
1,28,8,1,0,0,1,0.0,0.0,0.0
1,31,11,1,0,1,1,0.0,0.0,8087.48681640625
1,18,11,1,0,0,1,0.0,0.0,0.0
1,25,12,1,0,0,0,0.0,0.0,2348.972900390625
1,30,11,1,0,1,1,0.0,0.0,590.7817993164062
1,17,10,1,0,0,1,0.0,0.0,0.0
1,37,9,1,0,0,1,0.0,0.0,1067.5059814453125
1,41,4,1,0,1,1,0.0,0.0,7284.98583984375
1,42,14,1,0,1,0,0.0,0.0,13167.51953125
1,22,11,0,0,0,1,0.0,0.0,1048.4320068359375
1,17,8,1,0,0,1,0.0,0.0,0.0
1,29,8,1,0,0,1,0.0,0.0,1923.93798828125
1,35,10,1,0,0,1,0.0,0.0,4666.23583984375
1,27,11,1,0,0,1,0.0,0.0,549.2984008789062
1,29,4,1,0,0,1,0.0,0.0,762.9146118164062
1,28,9,1,0,0,1,0.0,0.0,10694.2900390625
1,27,11,1,0,0,1,0.0,0.0,0.0
1,23,7,0,0,0,1,0.0,0.0,0.0
1,45,5,1,0,1,1,0.0,0.0,8546.71484375
1,29,13,1,0,0,0,0.0,0.0,7479.65576171875
1,27,9,1,0,0,1,0.0,0.0,0.0
1,46,13,1,0,0,0,0.0,0.0,647.20458984375
1,18,6,1,0,0,1,0.0,0.0,0.0
1,25,12,1,0,0,0,0.0,0.0,11965.8095703125
1,28,15,1,0,0,0,0.0,0.0,9598.541015625
1,25,11,0,0,0,1,0.0,0.0,18783.349609375
1,22,12,1,0,0,0,0.0,0.0,18678.080078125
1,21,9,1,0,0,1,0.0,0.0,0.0
1,40,11,1,0,0,1,0.0,0.0,23005.599609375
1,22,11,1,0,0,1,0.0,0.0,6456.69677734375
1,25,12,1,0,0,0,0.0,0.0,0.0
1,18,12,1,0,0,0,0.0,0.0,2321.10693359375
1,38,12,0,0,0,0,0.0,0.0,4941.84912109375
1,27,13,1,0,0,0,0.0,0.0,0.0
1,27,8,1,0,0,1,0.0,0.0,0.0
1,38,11,1,0,0,1,0.0,0.0,0.0
1,23,8,0,1,0,1,0.0,0.0,3881.283935546875
1,26,11,1,0,0,1,0.0,0.0,17230.9609375
1,21,12,0,0,0,0,0.0,0.0,8048.60302734375
1,25,8,1,0,0,1,0.0,0.0,0.0
1,31,11,1,0,1,1,0.0,0.0,14509.9296875
1,17,10,1,0,0,1,0.0,0.0,0.0
1,25,11,1,0,0,1,0.0,0.0,0.0
1,21,12,1,0,0,0,0.0,0.0,9983.7841796875
1,44,11,1,0,0,1,0.0,0.0,0.0
1,25,12,0,0,0,0,0.0,0.0,5587.5029296875
1,18,9,1,0,0,1,0.0,0.0,4482.84521484375
1,42,12,1,0,0,0,0.0,0.0,2456.153076171875
1,25,10,1,0,0,1,0.0,0.0,0.0
1,31,9,0,1,0,1,0.0,0.0,26817.599609375
1,24,10,1,0,0,1,0.0,0.0,0.0
1,26,10,1,0,0,1,0.0,0.0,9265.7880859375
1,25,11,1,0,0,1,0.0,0.0,485.22979736328125
1,18,11,1,0,0,1,0.0,0.0,4814.626953125
1,19,11,1,0,0,1,0.0,0.0,7458.10498046875
1,43,9,1,0,0,1,0.0,0.0,0.0
1,27,13,1,0,0,0,0.0,0.0,34099.28125
1,17,9,1,0,0,1,0.0,0.0,1953.2679443359375
1,30,11,1,0,0,1,0.0,0.0,0.0
1,26,10,1,0,1,1,2027.9990234375,0.0,0.0
1,20,9,1,0,0,1,6083.994140625,0.0,8881.6650390625
1,17,9,0,1,0,1,445.17041015625,74.34345245361328,6210.669921875
1,20,12,1,0,0,0,989.267822265625,165.20770263671875,0.0
1,18,11,1,0,0,1,858.2542724609375,214.5635986328125,929.8839111328125
1,27,12,1,0,1,0,3670.8720703125,334.0492858886719,0.0
1,21,12,0,0,0,0,3670.8720703125,334.0494079589844,12558.01953125
1,27,12,1,0,0,0,2143.4130859375,357.94989013671875,22163.25
1,20,12,1,0,0,0,0.0,377.568603515625,1652.636962890625
1,19,10,1,0,0,1,0.0,385.27410888671875,8124.71484375
1,23,12,1,0,0,0,5506.30810546875,501.0740966796875,671.331787109375
1,29,14,1,0,0,0,0.0,679.6734008789062,17814.98046875
1,18,10,1,0,0,1,0.0,798.9078979492188,9737.154296875
1,19,9,1,0,0,1,0.0,798.9078979492188,17685.1796875
1,27,13,0,0,1,0,9381.56640625,853.7224731445312,0.0
1,18,11,0,0,0,1,3678.23095703125,919.5579223632812,4321.705078125
1,27,9,1,0,1,1,0.0,934.4453735351562,1773.4229736328125
1,22,12,1,0,0,0,5605.85205078125,936.1773071289062,0.0
1,23,10,1,0,1,1,0.0,936.4385986328125,11233.259765625
1,23,12,0,1,0,0,9385.740234375,1117.43896484375,559.4431762695312
1,20,11,1,0,0,1,3637.498046875,1220.8360595703125,1085.43994140625
1,17,9,1,0,0,1,1716.509033203125,1253.43896484375,5445.2001953125
1,28,11,1,0,0,1,0.0,1284.0789794921875,60307.9296875
1,26,11,1,0,1,1,0.0,1392.85302734375,1460.3599853515625
1,20,11,1,0,0,1,16318.6201171875,1484.9940185546875,6943.341796875
1,24,11,1,0,1,1,824.3886108398438,1666.113037109375,4032.7080078125
1,31,9,1,0,0,1,0.0,1698.6070556640625,10363.26953125
1,23,8,0,0,1,1,0.0,1713.1500244140625,4232.30908203125
1,18,10,1,0,0,1,2143.410888671875,1784.2740478515625,11141.3896484375
1,29,12,1,0,0,0,10881.9404296875,1817.2840576171875,0.0
1,26,11,0,0,0,1,0.0,2226.26611328125,13385.8603515625
1,24,9,1,0,0,1,9154.7001953125,2288.675048828125,4849.55908203125
1,25,12,1,0,0,0,14426.7900390625,2409.27392578125,0.0
1,24,10,1,0,0,1,4250.40185546875,2421.947021484375,1660.508056640625
1,46,8,1,0,0,1,3165.657958984375,2594.722900390625,0.0
1,31,12,0,0,0,0,0.0,2611.218017578125,2484.549072265625
1,19,11,1,0,0,1,2305.02587890625,2615.27587890625,4146.60302734375
1,19,8,1,0,0,1,0.0,2657.056884765625,9970.6806640625
1,27,11,1,0,0,1,2206.93994140625,2666.27392578125,0.0
1,26,11,1,0,1,1,0.0,2754.64599609375,26372.279296875
1,20,10,1,0,0,1,5005.73095703125,2777.35498046875,5615.18896484375
1,28,10,1,0,0,1,0.0,2836.506103515625,3196.571044921875
1,24,12,1,0,0,0,13765.75,2842.763916015625,6167.68115234375
1,19,8,1,0,0,1,2636.35302734375,2937.263916015625,7535.94189453125
1,23,12,1,0,0,0,6269.3408203125,3039.9599609375,8484.2392578125
1,42,9,1,0,1,1,0.0,3058.531005859375,1294.4090576171875
1,25,13,1,0,0,0,12362.9296875,3090.73193359375,0.0
1,18,9,1,0,0,1,0.0,3287.375,5010.341796875
1,21,12,1,0,0,0,6473.68310546875,3332.408935546875,9371.037109375
1,27,10,1,0,0,1,1001.14599609375,3550.074951171875,0.0
1,21,8,1,0,0,1,989.267822265625,3695.89697265625,4279.61279296875
1,22,9,1,0,0,1,2192.876953125,3836.986083984375,3462.56396484375
1,31,4,1,0,0,1,8517.5888671875,4023.2109375,7382.548828125
1,24,10,1,0,1,1,11703.2001953125,4078.152099609375,0.0
1,29,10,1,0,0,1,0.0,4398.9501953125,0.0
1,29,12,1,0,0,0,9748.38671875,4878.93701171875,10976.509765625
1,19,10,0,0,0,1,0.0,5324.10888671875,13829.6201171875
1,19,11,0,1,1,1,5424.48486328125,5463.80322265625,6788.462890625
1,31,9,1,0,0,1,10717.0302734375,5517.8408203125,9558.5009765625
1,22,10,1,0,1,1,1468.3480224609375,5588.6640625,13228.2802734375
1,21,9,1,0,0,1,6416.47021484375,5749.3310546875,743.6666259765625
1,17,10,1,0,0,1,1291.468017578125,5793.85205078125,5522.7880859375
1,26,12,1,0,1,0,8408.76171875,5794.8310546875,1424.9439697265625
1,20,9,0,1,0,1,12260.7802734375,5875.048828125,1358.6429443359375
1,19,10,1,0,0,1,4121.94921875,6056.75390625,0.0
1,26,10,1,0,0,1,25929.6796875,6788.9580078125,672.8773193359375
1,28,11,1,0,0,1,1929.029052734375,6871.85595703125,0.0
1,22,12,0,1,1,0,492.2304992675781,7055.7021484375,10092.830078125
1,33,11,1,0,0,1,0.0,7867.916015625,6281.43310546875
1,22,12,0,0,0,0,6759.994140625,8455.50390625,12590.7099609375
1,29,10,0,1,0,1,0.0,8853.673828125,5112.01416015625
1,33,12,1,0,1,0,20279.94921875,10941.349609375,15952.599609375
1,25,14,1,0,1,0,35040.0703125,11536.5703125,36646.94921875
1,35,9,1,0,1,1,13602.4296875,13830.6396484375,12803.9697265625
1,35,8,1,0,1,1,13732.0703125,17976.150390625,3786.6279296875
1,33,11,1,0,1,1,14660.7099609375,25142.240234375,4181.94189453125
0,23,10,1,0,0,1,0.0,0.0,0.0
0,26,12,0,0,0,0,0.0,0.0,12383.6796875
0,22,9,1,0,0,1,0.0,0.0,0.0
0,18,9,1,0,0,1,0.0,0.0,10740.080078125
0,45,11,1,0,0,1,0.0,0.0,11796.4697265625
0,18,9,1,0,0,1,0.0,0.0,9227.0517578125
0,24,8,0,0,0,1,0.0,0.0,10569.26953125
0,34,11,1,0,1,1,0.0,0.0,6040.3349609375
0,24,4,0,1,0,1,0.0,0.0,3880.8330078125
0,36,10,1,0,0,1,0.0,0.0,0.0
0,21,14,1,0,0,0,0.0,0.0,5775.06201171875
0,28,9,1,0,0,1,0.0,0.0,0.0
0,27,7,1,0,1,1,0.0,0.0,0.0
0,19,11,0,0,0,1,0.0,0.0,0.0
0,20,8,1,0,0,1,0.0,0.0,0.0
0,34,12,1,0,0,0,0.0,0.0,2113.721923828125
0,24,10,1,0,0,1,0.0,0.0,7618.63916015625
0,22,8,0,1,0,1,0.0,0.0,9920.9453125
0,25,11,1,0,0,1,0.0,0.0,4196.375
0,39,9,1,0,0,1,0.0,0.0,0.0
0,19,9,1,0,1,1,0.0,0.0,16658.25
0,44,9,1,0,0,1,0.0,0.0,9722.0029296875
0,27,8,1,0,0,1,0.0,0.0,3783.659912109375
0,25,8,1,0,0,1,0.0,0.0,3515.928955078125
0,31,10,1,0,0,1,0.0,0.0,17014.58984375
0,34,10,1,0,1,1,0.0,0.0,0.0
0,21,7,0,1,0,1,0.0,0.0,0.0
0,33,12,1,0,0,0,0.0,0.0,5970.2568359375
0,18,10,0,1,0,1,0.0,0.0,1859.1669921875
0,26,12,1,0,1,0,0.0,0.0,6191.94287109375
0,31,12,1,0,0,0,0.0,0.0,7284.39404296875
0,35,10,1,0,0,1,0.0,0.0,445.8309020996094
0,20,12,1,0,0,0,0.0,0.0,0.0
0,25,11,1,0,0,1,0.0,0.0,0.0
0,25,10,1,0,0,1,0.0,0.0,7367.0400390625
0,35,11,1,0,0,1,0.0,0.0,0.0
0,20,10,1,0,0,1,0.0,0.0,2015.5030517578125
0,25,9,0,1,0,1,0.0,0.0,15791.1298828125
0,27,10,1,0,0,1,0.0,0.0,1135.469970703125
0,20,11,0,1,0,1,0.0,0.0,6378.72021484375
0,26,11,1,0,0,1,0.0,0.0,7176.18701171875
0,38,8,1,0,0,1,0.0,0.0,0.0
0,34,10,1,0,0,1,0.0,0.0,7952.5400390625
0,19,12,1,0,0,0,0.0,0.0,0.0
0,32,8,1,0,0,1,0.0,0.0,7152.1318359375
0,20,9,0,1,0,1,0.0,0.0,8329.8232421875
0,23,10,1,0,0,1,0.0,0.0,0.0
0,38,10,1,0,0,1,0.0,0.0,12429.91015625
0,24,11,1,0,0,1,0.0,0.0,0.0
0,23,11,1,0,0,1,0.0,0.0,5088.759765625
0,20,7,0,1,0,1,0.0,0.0,4374.0400390625
0,21,11,1,0,0,1,0.0,0.0,1553.291015625
0,25,10,1,0,0,1,0.0,0.0,0.0
0,22,11,1,0,1,1,0.0,0.0,1698.303955078125
0,23,11,1,0,0,1,0.0,0.0,0.0
0,24,12,0,0,0,0,0.0,0.0,11294.6298828125
0,29,11,1,0,0,1,0.0,0.0,0.0
0,24,11,1,0,0,1,0.0,0.0,14626.3896484375
0,22,9,1,0,0,1,0.0,0.0,12898.3798828125
0,28,11,1,0,0,1,0.0,0.0,5767.1328125
0,18,10,0,1,0,1,0.0,0.0,6527.9189453125
0,26,10,1,0,0,1,0.0,0.0,3931.238037109375
0,25,10,1,0,0,1,0.0,0.0,20942.240234375
0,24,10,1,0,0,1,0.0,0.0,0.0
0,26,5,1,0,0,1,0.0,0.0,0.0
0,36,10,1,0,0,1,0.0,0.0,14690.349609375
0,22,11,1,0,0,1,0.0,0.0,0.0
0,25,12,1,0,0,0,0.0,0.0,3418.096923828125
0,27,11,1,0,0,1,0.0,0.0,11197.33984375
0,29,8,1,0,0,1,0.0,0.0,0.0
0,24,12,1,0,0,0,0.0,0.0,0.0
0,22,10,1,0,0,1,0.0,0.0,0.0
0,24,7,1,0,0,1,0.0,0.0,1455.68994140625
0,29,12,1,0,0,0,0.0,0.0,1890.93701171875
0,25,11,0,1,1,1,0.0,0.0,4485.6162109375
0,30,12,1,0,0,0,0.0,0.0,13613.349609375
0,22,8,1,0,0,1,0.0,0.0,1390.509033203125
0,55,3,1,0,0,1,0.0,0.0,5843.7958984375
0,20,10,1,0,0,1,0.0,0.0,8598.5224609375
0,34,11,1,0,0,1,0.0,0.0,2920.198974609375
0,22,12,1,0,0,0,0.0,0.0,0.0
0,32,12,0,1,1,0,0.0,0.0,6735.31982421875
0,31,10,1,0,0,1,0.0,0.0,0.0
0,18,9,1,0,0,1,0.0,0.0,0.0
0,50,10,0,1,0,1,0.0,0.0,0.0
0,25,11,1,0,1,1,0.0,0.0,44.75545883178711
0,23,10,1,0,1,1,0.0,0.0,0.0
0,38,10,1,0,0,1,0.0,0.0,0.0
0,25,10,1,0,1,1,0.0,0.0,3701.81201171875
0,42,10,1,0,0,1,0.0,0.0,6930.3359375
0,39,12,1,0,1,0,0.0,0.0,3795.799072265625
0,34,13,1,0,1,0,0.0,0.0,5193.2470703125
0,24,7,1,0,0,1,0.0,0.0,2193.528076171875
0,32,11,1,0,0,1,0.0,0.0,11120.5302734375
0,27,13,1,0,0,0,0.0,0.0,7609.51806640625
0,26,10,1,0,0,1,0.0,0.0,2169.027099609375
0,44,11,1,0,0,1,0.0,0.0,0.0
0,25,11,1,0,0,1,0.0,0.0,1264.2320556640625
0,25,12,1,0,0,0,0.0,0.0,0.0
0,28,12,1,0,1,0,0.0,0.0,0.0
0,32,10,1,0,0,1,0.0,0.0,0.0
0,22,10,1,0,0,1,0.0,0.0,0.0
0,19,9,1,0,0,1,0.0,0.0,5712.64306640625
0,31,10,1,0,1,1,0.0,0.0,0.0
0,23,11,1,0,0,1,0.0,0.0,0.0
0,33,11,1,0,0,1,0.0,0.0,0.0
0,27,10,1,0,0,1,0.0,0.0,1184.8819580078125
0,29,11,1,0,1,1,0.0,0.0,10225.8798828125
0,23,10,1,0,0,1,0.0,0.0,0.0
0,25,9,1,0,1,1,0.0,0.0,4715.37109375
0,25,10,1,0,0,1,0.0,0.0,289.7898864746094
0,24,10,1,0,0,1,0.0,0.0,0.0
0,28,8,0,0,0,1,0.0,0.0,8190.4208984375
0,26,6,1,0,0,1,0.0,0.0,4813.0498046875
0,30,14,1,0,1,0,0.0,0.0,7344.67822265625
0,25,10,1,0,1,1,0.0,0.0,0.0
0,29,11,1,0,1,1,0.0,0.0,0.0
0,25,12,1,0,1,0,0.0,0.0,0.0
0,28,13,1,0,0,0,0.0,0.0,0.0
0,23,11,1,0,0,1,0.0,0.0,4350.9072265625
0,54,11,1,0,0,1,0.0,0.0,7812.52197265625
0,33,5,0,1,0,1,0.0,0.0,0.0
0,20,8,1,0,0,1,0.0,0.0,3644.655029296875
0,45,9,1,0,0,1,0.0,0.0,4844.80322265625
0,39,6,1,0,0,1,0.0,0.0,0.0
0,26,12,1,0,0,0,0.0,0.0,0.0
0,23,10,1,0,0,1,0.0,0.0,0.0
0,27,12,0,0,0,0,0.0,0.0,14792.900390625
0,33,9,0,1,1,1,0.0,0.0,0.0
0,25,10,1,0,1,1,0.0,0.0,0.0
0,23,8,1,0,0,1,0.0,0.0,3746.700927734375
0,18,8,1,0,0,1,0.0,0.0,1568.1500244140625
0,17,8,1,0,0,1,0.0,0.0,7010.44384765625
0,19,9,0,1,0,1,0.0,0.0,3811.68310546875
0,18,8,0,1,0,1,0.0,0.0,10798.5595703125
0,18,11,1,0,0,1,0.0,0.0,4657.27294921875
0,17,11,1,0,0,1,0.0,0.0,8551.533203125
0,19,10,1,0,0,1,0.0,0.0,4309.8779296875
0,19,10,1,0,0,1,0.0,0.0,5286.39599609375
0,18,9,1,0,0,1,0.0,0.0,12486.169921875
0,18,9,1,0,0,1,0.0,0.0,10877.349609375
0,18,10,1,0,0,1,0.0,0.0,202.28469848632812
0,17,10,1,0,0,1,0.0,0.0,2657.705078125
0,18,7,1,0,0,1,0.0,0.0,4132.5771484375
0,18,11,1,0,0,1,0.0,0.0,11303.1396484375
0,19,10,0,1,0,1,0.0,0.0,0.0
0,18,9,1,0,0,1,0.0,0.0,0.0
0,17,10,1,0,0,1,0.0,0.0,0.0
0,17,10,1,0,0,1,0.0,0.0,2189.426025390625
0,19,11,1,0,0,1,0.0,0.0,0.0
0,17,8,0,0,0,1,0.0,0.0,10210.990234375
0,18,10,1,0,0,1,0.0,0.0,11048.080078125
0,18,9,1,0,0,1,0.0,0.0,0.0
0,17,8,1,0,0,1,0.0,0.0,8993.865234375
0,19,6,0,1,0,1,0.0,0.0,5071.80078125
0,19,10,0,0,0,1,0.0,0.0,3194.010009765625
0,17,11,0,0,0,1,0.0,0.0,0.0
0,20,9,1,0,0,1,0.0,0.0,5193.0888671875
0,17,9,1,0,0,1,0.0,0.0,0.0
0,17,10,1,0,0,1,0.0,0.0,275.56610107421875
0,17,9,1,0,0,1,0.0,0.0,3590.701904296875
0,19,11,1,0,0,1,0.0,0.0,0.0
0,19,10,1,0,1,1,0.0,0.0,12797.669921875
0,20,9,1,0,0,1,0.0,0.0,2035.9139404296875
0,18,9,1,0,0,1,0.0,0.0,2389.678955078125
0,18,11,1,0,0,1,0.0,0.0,0.0
0,17,10,0,1,0,1,0.0,0.0,8469.275390625
0,19,11,1,0,0,1,0.0,0.0,0.0
0,17,10,1,0,0,1,0.0,0.0,1143.386962890625
0,17,9,0,1,0,1,0.0,0.0,5114.81396484375
0,18,10,1,0,0,1,0.0,0.0,781.2243041992188
0,21,9,1,0,0,1,591.4990844726562,0.0,3343.22412109375
0,18,10,1,0,0,1,1563.2490234375,0.0,9602.439453125
0,19,11,1,0,0,1,1626.623046875,0.0,0.0
0,24,9,1,0,0,1,2788.498046875,0.0,16461.5703125
0,28,11,0,1,1,1,3472.947998046875,0.0,6771.6220703125
0,25,11,1,0,0,1,5281.2451171875,0.0,0.0
0,21,7,1,0,0,1,33799.94921875,0.0,11011.5703125
0,39,11,1,0,0,1,0.0,83.68963623046875,0.0
0,36,12,1,0,0,0,0.0,142.3972930908203,0.0
0,24,12,1,0,0,0,0.0,159.88470458984375,0.0
0,17,11,1,0,0,1,989.267822265625,165.20770263671875,4251.126953125
0,18,10,1,0,0,1,960.4268188476562,240.10670471191406,2891.66796875
0,18,10,1,0,0,1,0.0,273.552490234375,5514.365234375
0,28,10,1,0,0,1,1471.29296875,367.8233947753906,4858.89501953125
0,27,13,0,0,0,0,5214.30615234375,474.5018005371094,4812.576171875
0,31,12,0,0,0,0,0.0,494.64300537109375,0.0
0,22,9,1,0,0,1,0.0,506.4075927734375,604.19873046875
0,31,10,1,0,0,1,0.0,520.4462890625,14527.8798828125
0,26,10,1,0,1,1,6140.3671875,558.7733764648438,0.0
0,18,9,0,0,0,1,0.0,559.5960083007812,7300.498046875
0,23,11,1,0,0,1,6382.30908203125,580.7901000976562,0.0
0,20,12,1,0,0,0,0.0,591.8151245117188,4159.9189453125
0,19,10,1,0,0,1,0.0,604.1538696289062,0.0
0,18,11,1,0,0,1,1064.698974609375,645.2722778320312,5497.5908203125
0,17,10,1,0,0,1,0.0,664.5689697265625,0.0
0,27,12,1,0,1,0,0.0,752.3900756835938,0.0
0,27,11,1,0,0,1,3065.194091796875,766.298583984375,0.0
0,28,12,0,0,0,0,0.0,803.343017578125,16477.01953125
0,28,11,1,0,0,1,2431.948974609375,863.4794921875,0.0
0,21,10,1,0,0,1,6661.06298828125,1162.362060546875,39483.53125
0,17,10,0,1,0,1,4905.119140625,1168.9019775390625,11306.26953125
0,26,11,1,0,0,1,4699.962890625,1174.990966796875,6672.02099609375
0,29,9,1,0,0,1,0.0,1203.823974609375,9378.6533203125
0,17,10,0,1,0,1,1203.6090087890625,1239.6280517578125,5088.98583984375
0,22,11,1,0,0,1,7914.130859375,1321.6600341796875,2639.2900390625
0,24,11,1,0,0,1,0.0,1327.9930419921875,9495.90234375
0,20,12,1,0,0,0,557.6987915039062,1371.4730224609375,20893.109375
0,18,12,1,0,0,0,0.0,1405.511962890625,0.0
0,24,11,0,0,0,1,2669.72509765625,1468.383056640625,10361.6904296875
0,21,9,0,0,0,1,2988.412109375,1577.1669921875,1740.198974609375
0,30,8,1,0,0,1,0.0,1706.656982421875,0.0
0,31,11,1,0,0,1,17711.880859375,1726.4449462890625,0.0
0,17,10,0,1,0,1,1442.6810302734375,1734.5589599609375,6354.19384765625
0,19,9,1,0,0,1,8409.626953125,1778.0889892578125,7171.0
0,23,11,1,0,0,1,0.0,1896.02294921875,5573.546875
0,22,12,1,0,0,0,4380.01708984375,2003.6800537109375,439.6881103515625
0,29,12,1,0,0,0,22859.439453125,2080.208984375,16969.94921875
0,22,10,1,0,0,1,0.0,2174.955078125,5344.02099609375
0,29,13,1,0,0,0,718.2492065429688,2265.5791015625,2725.322021484375
0,19,11,1,0,0,1,721.340576171875,2445.589111328125,9772.283203125
0,17,9,1,0,0,1,0.0,2595.26708984375,0.0
0,18,10,1,0,0,1,1716.509033203125,2682.125,0.0
0,19,12,1,0,0,0,8417.0,2814.195068359375,1720.906982421875
0,20,6,1,0,0,1,6006.87890625,2850.610107421875,0.0
0,33,11,1,0,0,1,10523.830078125,2899.820068359375,18859.890625
0,36,11,0,1,0,1,5443.73388671875,3063.8779296875,1324.5419921875
0,25,11,1,0,0,1,15209.990234375,3072.72607421875,284.65838623046875
0,19,11,1,0,0,1,3504.013916015625,3285.679931640625,11195.9296875
0,23,8,1,0,0,1,7724.283203125,3403.055908203125,0.0
0,17,11,1,0,0,1,4080.72998046875,3796.029052734375,0.0
0,43,10,1,0,0,1,2502.867919921875,4128.44287109375,7565.27294921875
0,26,11,1,0,1,1,0.0,4184.73193359375,0.0
0,27,11,1,0,1,1,0.0,4491.8837890625,0.0
0,19,11,1,0,0,1,6337.4921875,4503.06396484375,0.0
0,28,11,1,0,1,1,8593.1630859375,5393.89501953125,4974.5859375
0,28,12,1,0,1,0,10585.1298828125,5551.4560546875,12780.01953125
0,26,8,1,0,0,1,1126.2900390625,5562.59814453125,3523.577880859375
0,31,12,1,0,0,0,0.0,5613.9091796875,0.0
0,23,11,1,0,0,1,7617.36181640625,5716.4072265625,10274.83984375
0,20,12,1,0,0,0,7182.4921875,6004.72802734375,4779.72021484375
0,28,10,1,0,1,1,8293.3447265625,6449.47998046875,16988.1796875
0,39,12,1,0,1,0,19785.3203125,6608.13720703125,499.2572021484375
0,21,8,1,0,0,1,39570.6796875,6608.30419921875,3083.5810546875
0,22,11,1,0,0,1,8810.0673828125,6974.48388671875,3708.718994140625
0,20,11,1,0,0,1,8009.1640625,7666.875,7659.2177734375
0,21,11,0,1,0,1,2992.533935546875,8920.470703125,20857.83984375
0,23,12,0,1,0,0,5721.69580078125,8960.68359375,7078.17822265625
0,29,9,1,0,0,1,9268.943359375,9160.693359375,0.0
0,28,9,1,0,1,1,10222.41015625,9210.447265625,1239.843994140625
0,30,11,1,0,1,1,0.0,9311.9384765625,3982.801025390625
0,25,10,1,0,1,1,13519.9697265625,9319.4443359375,0.0
0,28,11,1,0,1,1,824.388916015625,10033.91015625,0.0
0,22,10,0,0,0,1,27864.359375,10598.669921875,7094.919921875
0,44,9,1,0,1,1,12260.7802734375,10857.240234375,12359.3095703125
0,21,9,1,0,0,1,31886.4296875,12357.2197265625,0.0
0,28,11,1,0,0,1,17491.44921875,13371.25,0.0
0,29,9,0,1,0,1,9594.3076171875,16341.16015625,16900.30078125
0,25,9,1,0,1,1,24731.619140625,16946.630859375,7343.9638671875
0,22,10,0,0,1,1,25720.919921875,23031.98046875,5448.80078125
