crudeoil,cases,vaccines,holidays,crudeoil_one,cases_one,vaccines_one,holidays_one,crudeoil_two,cases_two,vaccines_two,holidays_two,crudeoil_three,cases_three,vaccines_three,holidays_three,crudeoil_four,cases_four,vaccines_four,holidays_four,crudeoil_five,cases_five,vaccines_five,holidays_five
47.7400,18199167.0000,380432.0000,0,49.1000,17621530.0000,413059.0000,0,48.3600,17372569.0000,270567.0000,0,47.8200,17135340.0000,158840.0000,0,47.6200,16894649.0000,48740.0000,0,46.9900,16672597.0000,4331.0000,0
47.0200,18401140.0000,448162.0000,0,47.7400,18199167.0000,380432.0000,0,49.1000,17621530.0000,413059.0000,0,48.3600,17372569.0000,270567.0000,0,47.8200,17135340.0000,158840.0000,0,47.6200,16894649.0000,48740.0000,0
48.1200,18626923.0000,571689.0000,0,47.0200,18401140.0000,448162.0000,0,47.7400,18199167.0000,380432.0000,0,49.1000,17621530.0000,413059.0000,0,48.3600,17372569.0000,270567.0000,0,47.8200,17135340.0000,158840.0000,0
47.6200,19481171.0000,586204.0000,0,48.1200,18626923.0000,571689.0000,0,47.0200,18401140.0000,448162.0000,0,47.7400,18199167.0000,380432.0000,0,49.1000,17621530.0000,413059.0000,0,48.3600,17372569.0000,270567.0000,0
48.0000,19682867.0000,716383.0000,0,47.6200,19481171.0000,586204.0000,0,48.1200,18626923.0000,571689.0000,0,47.0200,18401140.0000,448162.0000,0,47.7400,18199167.0000,380432.0000,0,49.1000,17621530.0000,413059.0000,0
48.4000,19905794.0000,836817.0000,0,48.0000,19682867.0000,716383.0000,0,47.6200,19481171.0000,586204.0000,0,48.1200,18626923.0000,571689.0000,0,47.0200,18401140.0000,448162.0000,0,47.7400,18199167.0000,380432.0000,0
48.5200,20163903.0000,420096.0000,1,48.4000,19905794.0000,836817.0000,0,48.0000,19682867.0000,716383.0000,0,47.6200,19481171.0000,586204.0000,0,48.1200,18626923.0000,571689.0000,0,47.0200,18401140.0000,448162.0000,0
47.6200,21011352.0000,650393.0000,0,48.5200,20163903.0000,420096.0000,1,48.4000,19905794.0000,836817.0000,0,48.0000,19682867.0000,716383.0000,0,47.6200,19481171.0000,586204.0000,0,48.1200,18626923.0000,571689.0000,0
49.9300,21242613.0000,823809.0000,0,47.6200,21011352.0000,650393.0000,0,48.5200,20163903.0000,420096.0000,1,48.4000,19905794.0000,836817.0000,0,48.0000,19682867.0000,716383.0000,0,47.6200,19481171.0000,586204.0000,0
50.6300,21499479.0000,1013679.0000,0,49.9300,21242613.0000,823809.0000,0,47.6200,21011352.0000,650393.0000,0,48.5200,20163903.0000,420096.0000,1,48.4000,19905794.0000,836817.0000,0,48.0000,19682867.0000,716383.0000,0
50.8300,21788120.0000,1161790.0000,0,50.6300,21499479.0000,1013679.0000,0,49.9300,21242613.0000,823809.0000,0,47.6200,21011352.0000,650393.0000,0,48.5200,20163903.0000,420096.0000,1,48.4000,19905794.0000,836817.0000,0
52.2400,22091612.0000,1228764.0000,0,50.8300,21788120.0000,1161790.0000,0,50.6300,21499479.0000,1013679.0000,0,49.9300,21242613.0000,823809.0000,0,47.6200,21011352.0000,650393.0000,0,48.5200,20163903.0000,420096.0000,1
52.2500,22775381.0000,1065676.0000,0,52.2400,22091612.0000,1228764.0000,0,50.8300,21788120.0000,1161790.0000,0,50.6300,21499479.0000,1013679.0000,0,49.9300,21242613.0000,823809.0000,0,47.6200,21011352.0000,650393.0000,0
53.2100,22994289.0000,1252473.0000,0,52.2500,22775381.0000,1065676.0000,0,52.2400,22091612.0000,1228764.0000,0,50.8300,21788120.0000,1161790.0000,0,50.6300,21499479.0000,1013679.0000,0,49.9300,21242613.0000,823809.0000,0
52.9100,23224134.0000,1318307.0000,0,53.2100,22994289.0000,1252473.0000,0,52.2500,22775381.0000,1065676.0000,0,52.2400,22091612.0000,1228764.0000,0,50.8300,21788120.0000,1161790.0000,0,50.6300,21499479.0000,1013679.0000,0
53.5700,23462172.0000,1307361.0000,0,52.9100,23224134.0000,1318307.0000,0,53.2100,22994289.0000,1252473.0000,0,52.2500,22775381.0000,1065676.0000,0,52.2400,22091612.0000,1228764.0000,0,50.8300,21788120.0000,1161790.0000,0
52.3600,23709198.0000,1259716.0000,0,53.5700,23462172.0000,1307361.0000,0,52.9100,23224134.0000,1318307.0000,0,53.2100,22994289.0000,1252473.0000,0,52.2500,22775381.0000,1065676.0000,0,52.2400,22091612.0000,1228764.0000,0
52.9800,24399775.0000,1348333.0000,0,52.3600,23709198.0000,1259716.0000,0,53.5700,23462172.0000,1307361.0000,0,52.9100,23224134.0000,1318307.0000,0,53.2100,22994289.0000,1252473.0000,0,52.2500,22775381.0000,1065676.0000,0
53.2400,24585167.0000,1622739.0000,0,52.9800,24399775.0000,1348333.0000,0,52.3600,23709198.0000,1259716.0000,0,53.5700,23462172.0000,1307361.0000,0,52.9100,23224134.0000,1318307.0000,0,53.2100,22994289.0000,1252473.0000,0
53.1300,24777494.0000,1643323.0000,0,53.2400,24585167.0000,1622739.0000,0,52.9800,24399775.0000,1348333.0000,0,52.3600,23709198.0000,1259716.0000,0,53.5700,23462172.0000,1307361.0000,0,52.9100,23224134.0000,1318307.0000,0
52.2700,24967022.0000,1619090.0000,0,53.1300,24777494.0000,1643323.0000,0,53.2400,24585167.0000,1622739.0000,0,52.9800,24399775.0000,1348333.0000,0,52.3600,23709198.0000,1259716.0000,0,53.5700,23462172.0000,1307361.0000,0
52.7700,25421837.0000,1366900.0000,0,52.2700,24967022.0000,1619090.0000,0,53.1300,24777494.0000,1643323.0000,0,53.2400,24585167.0000,1622739.0000,0,52.9800,24399775.0000,1348333.0000,0,52.3600,23709198.0000,1259716.0000,0
52.6100,25566621.0000,1655112.0000,0,52.7700,25421837.0000,1366900.0000,0,52.2700,24967022.0000,1619090.0000,0,53.1300,24777494.0000,1643323.0000,0,53.2400,24585167.0000,1622739.0000,0,52.9800,24399775.0000,1348333.0000,0
52.8500,25721758.0000,1922099.0000,0,52.6100,25566621.0000,1655112.0000,0,52.7700,25421837.0000,1366900.0000,0,52.2700,24967022.0000,1619090.0000,0,53.1300,24777494.0000,1643323.0000,0,53.2400,24585167.0000,1622739.0000,0
52.3400,25889192.0000,1953055.0000,0,52.8500,25721758.0000,1922099.0000,0,52.6100,25566621.0000,1655112.0000,0,52.7700,25421837.0000,1366900.0000,0,52.2700,24967022.0000,1619090.0000,0,53.1300,24777494.0000,1643323.0000,0
52.2000,26055039.0000,1907218.0000,0,52.3400,25889192.0000,1953055.0000,0,52.8500,25721758.0000,1922099.0000,0,52.6100,25566621.0000,1655112.0000,0,52.7700,25421837.0000,1366900.0000,0,52.2700,24967022.0000,1619090.0000,0
53.5500,26445521.0000,1366704.0000,0,52.2000,26055039.0000,1907218.0000,0,52.3400,25889192.0000,1953055.0000,0,52.8500,25721758.0000,1922099.0000,0,52.6100,25566621.0000,1655112.0000,0,52.7700,25421837.0000,1366900.0000,0
54.7600,26559394.0000,1685244.0000,0,53.5500,26445521.0000,1366704.0000,0,52.2000,26055039.0000,1907218.0000,0,52.3400,25889192.0000,1953055.0000,0,52.8500,25721758.0000,1922099.0000,0,52.6100,25566621.0000,1655112.0000,0
55.6900,26682507.0000,2132956.0000,0,54.7600,26559394.0000,1685244.0000,0,53.5500,26445521.0000,1366704.0000,0,52.2000,26055039.0000,1907218.0000,0,52.3400,25889192.0000,1953055.0000,0,52.8500,25721758.0000,1922099.0000,0
56.2300,26806435.0000,2332812.0000,0,55.6900,26682507.0000,2132956.0000,0,54.7600,26559394.0000,1685244.0000,0,53.5500,26445521.0000,1366704.0000,0,52.2000,26055039.0000,1907218.0000,0,52.3400,25889192.0000,1953055.0000,0
56.8500,26938097.0000,2352817.0000,0,56.2300,26806435.0000,2332812.0000,0,55.6900,26682507.0000,2132956.0000,0,54.7600,26559394.0000,1685244.0000,0,53.5500,26445521.0000,1366704.0000,0,52.2000,26055039.0000,1907218.0000,0
57.9700,27225943.0000,1570957.0000,0,56.8500,26938097.0000,2352817.0000,0,56.2300,26806435.0000,2332812.0000,0,55.6900,26682507.0000,2132956.0000,0,54.7600,26559394.0000,1685244.0000,0,53.5500,26445521.0000,1366704.0000,0
58.3600,27320538.0000,1965059.0000,0,57.9700,27225943.0000,1570957.0000,0,56.8500,26938097.0000,2352817.0000,0,56.2300,26806435.0000,2332812.0000,0,55.6900,26682507.0000,2132956.0000,0,54.7600,26559394.0000,1685244.0000,0
58.6800,27416370.0000,2292784.0000,0,58.3600,27320538.0000,1965059.0000,0,57.9700,27225943.0000,1570957.0000,0,56.8500,26938097.0000,2352817.0000,0,56.2300,26806435.0000,2332812.0000,0,55.6900,26682507.0000,2132956.0000,0
58.2400,27522673.0000,2392859.0000,0,58.6800,27416370.0000,2292784.0000,0,58.3600,27320538.0000,1965059.0000,0,57.9700,27225943.0000,1570957.0000,0,56.8500,26938097.0000,2352817.0000,0,56.2300,26806435.0000,2332812.0000,0
59.4700,27622704.0000,2576755.0000,0,58.2400,27522673.0000,2392859.0000,0,58.6800,27416370.0000,2292784.0000,0,58.3600,27320538.0000,1965059.0000,0,57.9700,27225943.0000,1570957.0000,0,56.8500,26938097.0000,2352817.0000,0
60.0500,27891153.0000,1618194.0000,0,59.4700,27622704.0000,2576755.0000,0,58.2400,27522673.0000,2392859.0000,0,58.6800,27416370.0000,2292784.0000,0,58.3600,27320538.0000,1965059.0000,0,57.9700,27225943.0000,1570957.0000,0
61.1400,27961222.0000,1959000.0000,0,60.0500,27891153.0000,1618194.0000,0,59.4700,27622704.0000,2576755.0000,0,58.2400,27522673.0000,2392859.0000,0,58.6800,27416370.0000,2292784.0000,0,58.3600,27320538.0000,1965059.0000,0
60.5200,28032578.0000,1853331.0000,0,61.1400,27961222.0000,1959000.0000,0,60.0500,27891153.0000,1618194.0000,0,59.4700,27622704.0000,2576755.0000,0,58.2400,27522673.0000,2392859.0000,0,58.6800,27416370.0000,2292784.0000,0
59.2400,28110764.0000,1962524.0000,0,60.5200,28032578.0000,1853331.0000,0,61.1400,27961222.0000,1959000.0000,0,60.0500,27891153.0000,1618194.0000,0,59.4700,27622704.0000,2576755.0000,0,58.2400,27522673.0000,2392859.0000,0
61.4900,28296905.0000,1458202.0000,0,59.2400,28110764.0000,1962524.0000,0,60.5200,28032578.0000,1853331.0000,0,61.1400,27961222.0000,1959000.0000,0,60.0500,27891153.0000,1618194.0000,0,59.4700,27622704.0000,2576755.0000,0
61.6700,28368921.0000,1937265.0000,0,61.4900,28296905.0000,1458202.0000,0,59.2400,28110764.0000,1962524.0000,0,60.5200,28032578.0000,1853331.0000,0,61.1400,27961222.0000,1959000.0000,0,60.0500,27891153.0000,1618194.0000,0
63.2200,28443933.0000,2519517.0000,0,61.6700,28368921.0000,1937265.0000,0,61.4900,28296905.0000,1458202.0000,0,59.2400,28110764.0000,1962524.0000,0,60.5200,28032578.0000,1853331.0000,0,61.1400,27961222.0000,1959000.0000,0
63.5300,28521990.0000,2926432.0000,0,63.2200,28443933.0000,2519517.0000,0,61.6700,28368921.0000,1937265.0000,0,61.4900,28296905.0000,1458202.0000,0,59.2400,28110764.0000,1962524.0000,0,60.5200,28032578.0000,1853331.0000,0
61.5000,28600725.0000,3094998.0000,0,63.5300,28521990.0000,2926432.0000,0,63.2200,28443933.0000,2519517.0000,0,61.6700,28368921.0000,1937265.0000,0,61.4900,28296905.0000,1458202.0000,0,59.2400,28110764.0000,1962524.0000,0
60.6400,28773147.0000,2013281.0000,0,61.5000,28600725.0000,3094998.0000,0,63.5300,28521990.0000,2926432.0000,0,63.2200,28443933.0000,2519517.0000,0,61.6700,28368921.0000,1937265.0000,0,61.4900,28296905.0000,1458202.0000,0
59.7500,28830214.0000,2451004.0000,0,60.6400,28773147.0000,2013281.0000,0,61.5000,28600725.0000,3094998.0000,0,63.5300,28521990.0000,2926432.0000,0,63.2200,28443933.0000,2519517.0000,0,61.6700,28368921.0000,1937265.0000,0
61.2800,28897363.0000,2892368.0000,0,59.7500,28830214.0000,2451004.0000,0,60.6400,28773147.0000,2013281.0000,0,61.5000,28600725.0000,3094998.0000,0,63.5300,28521990.0000,2926432.0000,0,63.2200,28443933.0000,2519517.0000,0
63.8300,28965895.0000,3188448.0000,0,61.2800,28897363.0000,2892368.0000,0,59.7500,28830214.0000,2451004.0000,0,60.6400,28773147.0000,2013281.0000,0,61.5000,28600725.0000,3094998.0000,0,63.5300,28521990.0000,2926432.0000,0
66.0900,29032760.0000,3213408.0000,0,63.8300,28965895.0000,3188448.0000,0,61.2800,28897363.0000,2892368.0000,0,59.7500,28830214.0000,2451004.0000,0,60.6400,28773147.0000,2013281.0000,0,61.5000,28600725.0000,3094998.0000,0
65.0500,29178433.0000,2152945.0000,0,66.0900,29032760.0000,3213408.0000,0,63.8300,28965895.0000,3188448.0000,0,61.2800,28897363.0000,2892368.0000,0,59.7500,28830214.0000,2451004.0000,0,60.6400,28773147.0000,2013281.0000,0
64.0100,29234239.0000,2699123.0000,0,65.0500,29178433.0000,2152945.0000,0,66.0900,29032760.0000,3213408.0000,0,63.8300,28965895.0000,3188448.0000,0,61.2800,28897363.0000,2892368.0000,0,59.7500,28830214.0000,2451004.0000,0
64.4400,29292470.0000,3116557.0000,0,64.0100,29234239.0000,2699123.0000,0,65.0500,29178433.0000,2152945.0000,0,66.0900,29032760.0000,3213408.0000,0,63.8300,28965895.0000,3188448.0000,0,61.2800,28897363.0000,2892368.0000,0
66.0200,29355361.0000,3430196.0000,0,64.4400,29292470.0000,3116557.0000,0,64.0100,29234239.0000,2699123.0000,0,65.0500,29178433.0000,2152945.0000,0,66.0900,29032760.0000,3213408.0000,0,63.8300,28965895.0000,3188448.0000,0
65.6100,29417434.0000,3413197.0000,0,66.0200,29355361.0000,3430196.0000,0,64.4400,29292470.0000,3116557.0000,0,64.0100,29234239.0000,2699123.0000,0,65.0500,29178433.0000,2152945.0000,0,66.0900,29032760.0000,3213408.0000,0
65.3900,29564646.0000,2274944.0000,0,65.6100,29417434.0000,3413197.0000,0,66.0200,29355361.0000,3430196.0000,0,64.4400,29292470.0000,3116557.0000,0,64.0100,29234239.0000,2699123.0000,0,65.0500,29178433.0000,2152945.0000,0
64.8000,29619027.0000,2873782.0000,0,65.3900,29564646.0000,2274944.0000,0,65.6100,29417434.0000,3413197.0000,0,66.0200,29355361.0000,3430196.0000,0,64.4400,29292470.0000,3116557.0000,0,64.0100,29234239.0000,2699123.0000,0
64.6000,29678514.0000,3153853.0000,0,64.8000,29619027.0000,2873782.0000,0,65.3900,29564646.0000,2274944.0000,0,65.6100,29417434.0000,3413197.0000,0,66.0200,29355361.0000,3430196.0000,0,64.4400,29292470.0000,3116557.0000,0
60.0000,29739039.0000,3398299.0000,0,64.6000,29678514.0000,3153853.0000,0,64.8000,29619027.0000,2873782.0000,0,65.3900,29564646.0000,2274944.0000,0,65.6100,29417434.0000,3413197.0000,0,66.0200,29355361.0000,3430196.0000,0
61.4200,29801104.0000,3323380.0000,0,60.0000,29739039.0000,3398299.0000,0,64.6000,29678514.0000,3153853.0000,0,64.8000,29619027.0000,2873782.0000,0,65.3900,29564646.0000,2274944.0000,0,65.6100,29417434.0000,3413197.0000,0
61.5500,29942585.0000,2355655.0000,0,61.4200,29801104.0000,3323380.0000,0,60.0000,29739039.0000,3398299.0000,0,64.6000,29678514.0000,3153853.0000,0,64.8000,29619027.0000,2873782.0000,0,65.3900,29564646.0000,2274944.0000,0
57.7600,29995884.0000,3051633.0000,0,61.5500,29942585.0000,2355655.0000,0,61.4200,29801104.0000,3323380.0000,0,60.0000,29739039.0000,3398299.0000,0,64.6000,29678514.0000,3153853.0000,0,64.8000,29619027.0000,2873782.0000,0
61.1800,30083005.0000,3541663.0000,0,57.7600,29995884.0000,3051633.0000,0,61.5500,29942585.0000,2355655.0000,0,61.4200,29801104.0000,3323380.0000,0,60.0000,29739039.0000,3398299.0000,0,64.6000,29678514.0000,3153853.0000,0
58.5600,30150981.0000,3818053.0000,0,61.1800,30083005.0000,3541663.0000,0,57.7600,29995884.0000,3051633.0000,0,61.5500,29942585.0000,2355655.0000,0,61.4200,29801104.0000,3323380.0000,0,60.0000,29739039.0000,3398299.0000,0
60.9700,30228526.0000,3815398.0000,0,58.5600,30150981.0000,3818053.0000,0,61.1800,30083005.0000,3541663.0000,0,57.7600,29995884.0000,3051633.0000,0,61.5500,29942585.0000,2355655.0000,0,61.4200,29801104.0000,3323380.0000,0
61.5600,30404401.0000,2825865.0000,0,60.9700,30228526.0000,3815398.0000,0,58.5600,30150981.0000,3818053.0000,0,61.1800,30083005.0000,3541663.0000,0,57.7600,29995884.0000,3051633.0000,0,61.5500,29942585.0000,2355655.0000,0
60.5500,30465838.0000,3575881.0000,0,61.5600,30404401.0000,2825865.0000,0,60.9700,30228526.0000,3815398.0000,0,58.5600,30150981.0000,3818053.0000,0,61.1800,30083005.0000,3541663.0000,0,57.7600,29995884.0000,3051633.0000,0
59.1600,30532810.0000,4149595.0000,0,60.5500,30465838.0000,3575881.0000,0,61.5600,30404401.0000,2825865.0000,0,60.9700,30228526.0000,3815398.0000,0,58.5600,30150981.0000,3818053.0000,0,61.1800,30083005.0000,3541663.0000,0
61.4500,30611999.0000,4505415.0000,0,59.1600,30532810.0000,4149595.0000,0,60.5500,30465838.0000,3575881.0000,0,61.5600,30404401.0000,2825865.0000,0,60.9700,30228526.0000,3815398.0000,0,58.5600,30150981.0000,3818053.0000,0
58.6500,30857897.0000,3087017.0000,0,61.4500,30611999.0000,4505415.0000,0,59.1600,30532810.0000,4149595.0000,0,60.5500,30465838.0000,3575881.0000,0,61.5600,30404401.0000,2825865.0000,0,60.9700,30228526.0000,3815398.0000,0
59.3300,30919041.0000,3962195.0000,0,58.6500,30857897.0000,3087017.0000,0,61.4500,30611999.0000,4505415.0000,0,59.1600,30532810.0000,4149595.0000,0,60.5500,30465838.0000,3575881.0000,0,61.5600,30404401.0000,2825865.0000,0
59.7700,30994031.0000,4340138.0000,0,59.3300,30919041.0000,3962195.0000,0,58.6500,30857897.0000,3087017.0000,0,61.4500,30611999.0000,4505415.0000,0,59.1600,30532810.0000,4149595.0000,0,60.5500,30465838.0000,3575881.0000,0
59.6000,31074284.0000,4478727.0000,0,59.7700,30994031.0000,4340138.0000,0,59.3300,30919041.0000,3962195.0000,0,58.6500,30857897.0000,3087017.0000,0,61.4500,30611999.0000,4505415.0000,0,59.1600,30532810.0000,4149595.0000,0
59.3200,31158621.0000,4296587.0000,0,59.6000,31074284.0000,4478727.0000,0,59.7700,30994031.0000,4340138.0000,0,59.3300,30919041.0000,3962195.0000,0,58.6500,30857897.0000,3087017.0000,0,61.4500,30611999.0000,4505415.0000,0
59.7000,31341317.0000,2997554.0000,0,59.3200,31158621.0000,4296587.0000,0,59.6000,31074284.0000,4478727.0000,0,59.7700,30994031.0000,4340138.0000,0,59.3300,30919041.0000,3962195.0000,0,58.6500,30857897.0000,3087017.0000,0
60.1800,31420461.0000,3458072.0000,0,59.7000,31341317.0000,2997554.0000,0,59.3200,31158621.0000,4296587.0000,0,59.6000,31074284.0000,4478727.0000,0,59.7700,30994031.0000,4340138.0000,0,59.3300,30919041.0000,3962195.0000,0
63.1500,31495777.0000,3672229.0000,0,60.1800,31420461.0000,3458072.0000,0,59.7000,31341317.0000,2997554.0000,0,59.3200,31158621.0000,4296587.0000,0,59.6000,31074284.0000,4478727.0000,0,59.7700,30994031.0000,4340138.0000,0
63.4600,31569687.0000,3723149.0000,0,63.1500,31495777.0000,3672229.0000,0,60.1800,31420461.0000,3458072.0000,0,59.7000,31341317.0000,2997554.0000,0,59.3200,31158621.0000,4296587.0000,0,59.6000,31074284.0000,4478727.0000,0
63.1300,31650065.0000,3580567.0000,0,63.4600,31569687.0000,3723149.0000,0,63.1500,31495777.0000,3672229.0000,0,60.1800,31420461.0000,3458072.0000,0,59.7000,31341317.0000,2997554.0000,0,59.3200,31158621.0000,4296587.0000,0
63.3800,31813284.0000,2555255.0000,0,63.1300,31650065.0000,3580567.0000,0,63.4600,31569687.0000,3723149.0000,0,63.1500,31495777.0000,3672229.0000,0,60.1800,31420461.0000,3458072.0000,0,59.7000,31341317.0000,2997554.0000,0
62.4400,31874204.0000,3227129.0000,0,63.3800,31813284.0000,2555255.0000,0,63.1300,31650065.0000,3580567.0000,0,63.4600,31569687.0000,3723149.0000,0,63.1500,31495777.0000,3672229.0000,0,60.1800,31420461.0000,3458072.0000,0
61.3500,31938028.0000,3449009.0000,0,62.4400,31874204.0000,3227129.0000,0,63.3800,31813284.0000,2555255.0000,0,63.1300,31650065.0000,3580567.0000,0,63.4600,31569687.0000,3723149.0000,0,63.1500,31495777.0000,3672229.0000,0
61.4300,32005018.0000,3467324.0000,0,61.3500,31938028.0000,3449009.0000,0,62.4400,31874204.0000,3227129.0000,0,63.3800,31813284.0000,2555255.0000,0,63.1300,31650065.0000,3580567.0000,0,63.4600,31569687.0000,3723149.0000,0
62.1400,32067397.0000,3275798.0000,0,61.4300,32005018.0000,3467324.0000,0,61.3500,31938028.0000,3449009.0000,0,62.4400,31874204.0000,3227129.0000,0,63.3800,31813284.0000,2555255.0000,0,63.1300,31650065.0000,3580567.0000,0
61.9100,32201224.0000,2368313.0000,0,62.1400,32067397.0000,3275798.0000,0,61.4300,32005018.0000,3467324.0000,0,61.3500,31938028.0000,3449009.0000,0,62.4400,31874204.0000,3227129.0000,0,63.3800,31813284.0000,2555255.0000,0
62.9400,32251958.0000,2864326.0000,0,61.9100,32201224.0000,2368313.0000,0,62.1400,32067397.0000,3275798.0000,0,61.4300,32005018.0000,3467324.0000,0,61.3500,31938028.0000,3449009.0000,0,62.4400,31874204.0000,3227129.0000,0
63.8600,32307052.0000,3062682.0000,0,62.9400,32251958.0000,2864326.0000,0,61.9100,32201224.0000,2368313.0000,0,62.1400,32067397.0000,3275798.0000,0,61.4300,32005018.0000,3467324.0000,0,61.3500,31938028.0000,3449009.0000,0
65.0100,32365966.0000,3020166.0000,0,63.8600,32307052.0000,3062682.0000,0,62.9400,32251958.0000,2864326.0000,0,61.9100,32201224.0000,2368313.0000,0,62.1400,32067397.0000,3275798.0000,0,61.4300,32005018.0000,3467324.0000,0
63.5800,32424126.0000,2881177.0000,0,65.0100,32365966.0000,3020166.0000,0,63.8600,32307052.0000,3062682.0000,0,62.9400,32251958.0000,2864326.0000,0,61.9100,32201224.0000,2368313.0000,0,62.1400,32067397.0000,3275798.0000,0
64.4900,32549617.0000,1950313.0000,0,63.5800,32424126.0000,2881177.0000,0,65.0100,32365966.0000,3020166.0000,0,63.8600,32307052.0000,3062682.0000,0,62.9400,32251958.0000,2864326.0000,0,61.9100,32201224.0000,2368313.0000,0
65.6900,32590417.0000,2488215.0000,0,64.4900,32549617.0000,1950313.0000,0,63.5800,32424126.0000,2881177.0000,0,65.0100,32365966.0000,3020166.0000,0,63.8600,32307052.0000,3062682.0000,0,62.9400,32251958.0000,2864326.0000,0
65.6300,32636119.0000,2524913.0000,0,65.6900,32590417.0000,2488215.0000,0,64.4900,32549617.0000,1950313.0000,0,63.5800,32424126.0000,2881177.0000,0,65.0100,32365966.0000,3020166.0000,0,63.8600,32307052.0000,3062682.0000,0
64.7100,32683074.0000,2494191.0000,0,65.6300,32636119.0000,2524913.0000,0,65.6900,32590417.0000,2488215.0000,0,64.4900,32549617.0000,1950313.0000,0,63.5800,32424126.0000,2881177.0000,0,65.0100,32365966.0000,3020166.0000,0
64.9000,32731181.0000,2480555.0000,0,64.7100,32683074.0000,2494191.0000,0,65.6300,32636119.0000,2524913.0000,0,65.6900,32590417.0000,2488215.0000,0,64.4900,32549617.0000,1950313.0000,0,63.5800,32424126.0000,2881177.0000,0
64.9200,32822952.0000,1587362.0000,0,64.9000,32731181.0000,2480555.0000,0,64.7100,32683074.0000,2494191.0000,0,65.6300,32636119.0000,2524913.0000,0,65.6900,32590417.0000,2488215.0000,0,64.4900,32549617.0000,1950313.0000,0
65.2800,32857015.0000,2028249.0000,0,64.9200,32822952.0000,1587362.0000,0,64.9000,32731181.0000,2480555.0000,0,64.7100,32683074.0000,2494191.0000,0,65.6300,32636119.0000,2524913.0000,0,65.6900,32590417.0000,2488215.0000,0
66.0800,32893208.0000,2000572.0000,0,65.2800,32857015.0000,2028249.0000,0,64.9200,32822952.0000,1587362.0000,0,64.9000,32731181.0000,2480555.0000,0,64.7100,32683074.0000,2494191.0000,0,65.6300,32636119.0000,2524913.0000,0
63.8200,32931737.0000,2258987.0000,0,66.0800,32893208.0000,2000572.0000,0,65.2800,32857015.0000,2028249.0000,0,64.9200,32822952.0000,1587362.0000,0,64.9000,32731181.0000,2480555.0000,0,64.7100,32683074.0000,2494191.0000,0
65.3700,32973601.0000,2433541.0000,0,63.8200,32931737.0000,2258987.0000,0,66.0800,32893208.0000,2000572.0000,0,65.2800,32857015.0000,2028249.0000,0,64.9200,32822952.0000,1587362.0000,0,64.9000,32731181.0000,2480555.0000,0
66.2700,33048421.0000,1807879.0000,0,65.3700,32973601.0000,2433541.0000,0,63.8200,32931737.0000,2258987.0000,0,66.0800,32893208.0000,2000572.0000,0,65.2800,32857015.0000,2028249.0000,0,64.9200,32822952.0000,1587362.0000,0
65.4900,33076218.0000,2057156.0000,0,66.2700,33048421.0000,1807879.0000,0,65.3700,32973601.0000,2433541.0000,0,63.8200,32931737.0000,2258987.0000,0,66.0800,32893208.0000,2000572.0000,0,65.2800,32857015.0000,2028249.0000,0
63.3600,33105725.0000,2071188.0000,0,65.4900,33076218.0000,2057156.0000,0,66.2700,33048421.0000,1807879.0000,0,65.3700,32973601.0000,2433541.0000,0,63.8200,32931737.0000,2258987.0000,0,66.0800,32893208.0000,2000572.0000,0
62.0500,33135569.0000,2000772.0000,0,63.3600,33105725.0000,2071188.0000,0,65.4900,33076218.0000,2057156.0000,0,66.2700,33048421.0000,1807879.0000,0,65.3700,32973601.0000,2433541.0000,0,63.8200,32931737.0000,2258987.0000,0
63.5800,33164120.0000,2040770.0000,0,62.0500,33135569.0000,2000772.0000,0,63.3600,33105725.0000,2071188.0000,0,65.4900,33076218.0000,2057156.0000,0,66.2700,33048421.0000,1807879.0000,0,65.3700,32973601.0000,2433541.0000,0
66.0500,33222609.0000,1307280.0000,0,63.5800,33164120.0000,2040770.0000,0,62.0500,33135569.0000,2000772.0000,0,63.3600,33105725.0000,2071188.0000,0,65.4900,33076218.0000,2057156.0000,0,66.2700,33048421.0000,1807879.0000,0
66.0700,33245699.0000,1422876.0000,0,66.0500,33222609.0000,1307280.0000,0,63.5800,33164120.0000,2040770.0000,0,62.0500,33135569.0000,2000772.0000,0,63.3600,33105725.0000,2071188.0000,0,65.4900,33076218.0000,2057156.0000,0
66.2100,33270232.0000,1418393.0000,0,66.0700,33245699.0000,1422876.0000,0,66.0500,33222609.0000,1307280.0000,0,63.5800,33164120.0000,2040770.0000,0,62.0500,33135569.0000,2000772.0000,0,63.3600,33105725.0000,2071188.0000,0
66.8500,33297381.0000,1331957.0000,0,66.2100,33270232.0000,1418393.0000,0,66.0700,33245699.0000,1422876.0000,0,66.0500,33222609.0000,1307280.0000,0,63.5800,33164120.0000,2040770.0000,0,62.0500,33135569.0000,2000772.0000,0
66.3200,33319304.0000,1312765.0000,0,66.8500,33297381.0000,1331957.0000,0,66.2100,33270232.0000,1418393.0000,0,66.0700,33245699.0000,1422876.0000,0,66.0500,33222609.0000,1307280.0000,0,63.5800,33164120.0000,2040770.0000,0
67.7200,33366705.0000,1243918.0000,0,66.3200,33319304.0000,1312765.0000,0,66.8500,33297381.0000,1331957.0000,0,66.2100,33270232.0000,1418393.0000,0,66.0700,33245699.0000,1422876.0000,0,66.0500,33222609.0000,1307280.0000,0
68.8300,33383901.0000,1104134.0000,0,67.7200,33366705.0000,1243918.0000,0,66.3200,33319304.0000,1312765.0000,0,66.8500,33297381.0000,1331957.0000,0,66.2100,33270232.0000,1418393.0000,0,66.0700,33245699.0000,1422876.0000,0
68.8100,33403006.0000,1232840.0000,0,68.8300,33383901.0000,1104134.0000,0,67.7200,33366705.0000,1243918.0000,0,66.3200,33319304.0000,1312765.0000,0,66.8500,33297381.0000,1331957.0000,0,66.2100,33270232.0000,1418393.0000,0
69.6200,33420140.0000,1385123.0000,0,68.8100,33403006.0000,1232840.0000,0,68.8300,33383901.0000,1104134.0000,0,67.7200,33366705.0000,1243918.0000,0,66.3200,33319304.0000,1312765.0000,0,66.8500,33297381.0000,1331957.0000,0
69.2300,33455398.0000,1056822.0000,0,69.6200,33420140.0000,1385123.0000,0,68.8100,33403006.0000,1232840.0000,0,68.8300,33383901.0000,1104134.0000,0,67.7200,33366705.0000,1243918.0000,0,66.3200,33319304.0000,1312765.0000,0
70.0500,33468480.0000,1160997.0000,0,69.2300,33455398.0000,1056822.0000,0,69.6200,33420140.0000,1385123.0000,0,68.8100,33403006.0000,1232840.0000,0,68.8300,33383901.0000,1104134.0000,0,67.7200,33366705.0000,1243918.0000,0
69.9600,33487469.0000,1152477.0000,0,70.0500,33468480.0000,1160997.0000,0,69.2300,33455398.0000,1056822.0000,0,69.6200,33420140.0000,1385123.0000,0,68.8100,33403006.0000,1232840.0000,0,68.8300,33383901.0000,1104134.0000,0